ODEfiles/DK0010G08_15/DK0010G.20120101000000.20140320000000.uv_abs.ozone.air.1y.1h.DK01L_O3mon10.DK01L_UV_absorption..nas
45 1001
Keller, Rune
DK01L, National Environmental Research Institute, NERI, , "P.O.Box 358, Fredriksborgvei 399, DK-4000 Roskilde, Denmark", , , , 
Keller, Rune
AMAP EMEP GAW-WDCRG
1 1
2012 01 01 2014 03 20
0
days from file reference point
3
1 1 1
999.999999 999.999 9.999
end_time of measurement, days from the file reference point
ozone, ug/m3
numflag ozone, no unit
0
28
Data definition:              EBAS_1.1
Set type code:                TI
Timezone:                     UTC
File name:                    DK0010G.20120101000000.20140320000000.uv_abs.ozone.air.1y.1h.DK01L_O3mon10.DK01L_UV_absorption..nas
File creation:                20190910074042
Startdate:                    20120101000000
Revision date:                20140320000000
Statistics:                   arithmetic mean
Data level:                   
Period code:                  1y
Resolution code:              1h
Station code:                 DK0010G
Platform code:                DK0010S
Station name:                 Villum Research Station, Station Nord
Station latitude:             81.6
Station longitude:            -16.67
Station altitude:             20.0m
Regime:                       IMG
Component:                    ozone
Unit:                         ug/m3
Matrix:                       air
Instrument type:              uv_abs
Laboratory code:              DK01L
Instrument name:              O3mon10
Method ref:                   DK01L_UV_absorption
Originator:                   Keller, Rune, , , , , , , , , 
Submitter:                    Keller, Rune, , , , , , , , , 
starttime endtime O3 flag_O3
[from data line 8001]
333.375000 333.416991  65.123 0.000
333.416991 333.457998  65.013 0.000
333.457998 333.500000  65.323 0.000
333.500000 333.541991  67.032 0.000
333.541991 333.582998  67.862 0.000
333.582998 333.625000  68.652 0.000
333.625000 333.666991  68.242 0.000
333.666991 333.707998  66.971 0.000
333.707998 333.750000  66.151 0.000
333.750000 333.791991  66.231 0.000
333.791991 333.832998  68.660 0.000
333.832998 333.875000  69.359 0.000
333.875000 333.916991  69.439 0.000
333.916991 333.957998  68.000 0.000
333.957998 334.000000  68.100 0.000
334.000000 334.041991  67.830 0.000
334.041991 334.082998  68.260 0.000
334.082998 334.125000 999.999 0.999
334.125000 334.166991  67.460 0.000
334.166991 334.207998  67.930 0.000
334.207998 334.250000 999.999 0.999
334.250000 334.291991  68.910 0.000
334.291991 334.332998  69.549 0.000
334.332998 334.375000  69.639 0.000
334.375000 334.416991  69.039 0.000
334.416991 334.457998  68.930 0.000
334.457998 334.500000  69.029 0.000
334.500000 334.541991  69.139 0.000
334.541991 334.582998  68.400 0.000
334.582998 334.625000  69.039 0.000
334.625000 334.666991  69.498 0.000
334.666991 334.707998  70.097 0.000
334.707998 334.750000  70.417 0.000
334.750000 334.791991  72.216 0.000
334.791991 334.832998  72.186 0.000
334.832998 334.875000  72.696 0.000
334.875000 334.916991  72.966 0.000
334.916991 334.957998  72.316 0.000
334.957998 335.000000  71.216 0.000
335.000000 335.041991  70.976 0.000
335.041991 335.082998  70.927 0.000
335.082998 335.125000  71.526 0.000
335.125000 335.166991 999.999 0.999
335.166991 335.207998  71.796 0.000
335.207998 335.250000  71.886 0.000
335.250000 335.291991 999.999 0.999
335.291991 335.332998  73.915 0.000
335.332998 335.375000  73.825 0.000
335.375000 335.416991  74.615 0.000
335.416991 335.457998  74.485 0.000
335.457998 335.500000  71.636 0.000
335.500000 335.541991  67.788 0.000
335.541991 335.582998  71.046 0.000
335.582998 335.625000  72.886 0.000
335.625000 335.666991  74.593 0.000
335.666991 335.707998  75.502 0.000
335.707998 335.750000  77.261 0.000
335.750000 335.791991  78.041 0.000
335.791991 335.832998  76.102 0.000
335.832998 335.875000  76.122 0.000
335.875000 335.916991  76.062 0.000
335.916991 335.957998  75.242 0.000
335.957998 336.000000  75.442 0.000
336.000000 336.041991  75.362 0.000
336.041991 336.082998 999.999 0.999
336.082998 336.125000  73.093 0.000
336.125000 336.166991  73.633 0.000
336.166991 336.207998 999.999 0.999
336.207998 336.250000  70.915 0.000
336.250000 336.291991  68.386 0.000
336.291991 336.332998  68.746 0.000
336.332998 336.375000  70.025 0.000
336.375000 336.416991  70.585 0.000
336.416991 336.457998  69.435 0.000
336.457998 336.500000  69.195 0.000
336.500000 336.541991  68.246 0.000
336.541991 336.582998  68.816 0.000
336.582998 336.625000  71.222 0.000
336.625000 336.666991  70.023 0.000
336.666991 336.707998  68.054 0.000
336.707998 336.750000  73.121 0.000
336.750000 336.791991  72.092 0.000
336.791991 336.832998  71.492 0.000
336.832998 336.875000  72.122 0.000
336.875000 336.916991  76.790 0.000
336.916991 336.957998  79.318 0.000
336.957998 337.000000  79.558 0.000
337.000000 337.041991  80.318 0.000
337.041991 337.082998  80.138 0.000
337.082998 337.125000 999.999 0.999
337.125000 337.166991  79.808 0.000
337.166991 337.207998  79.728 0.000
337.207998 337.250000 999.999 0.999
337.250000 337.291991  79.658 0.000
337.291991 337.332998  79.738 0.000
337.332998 337.375000  79.438 0.000
337.375000 337.416991  79.178 0.000
337.416991 337.457998  79.708 0.000
337.457998 337.500000  79.468 0.000
337.500000 337.541991  78.259 0.000
337.541991 337.582998  78.757 0.000
337.582998 337.625000  76.428 0.000
337.625000 337.666991  76.228 0.000
337.666991 337.707998  75.058 0.000
337.707998 337.750000  76.248 0.000
337.750000 337.791991  77.567 0.000
337.791991 337.832998  76.878 0.000
337.832998 337.875000  75.348 0.000
337.875000 337.916991  74.309 0.000
337.916991 337.957998  75.118 0.000
337.957998 338.000000  74.439 0.000
338.000000 338.041991  75.108 0.000
338.041991 338.082998  74.769 0.000
338.082998 338.125000  74.369 0.000
338.125000 338.166991 999.999 0.999
338.166991 338.207998  74.569 0.000
338.207998 338.250000  74.409 0.000
338.250000 338.291991 999.999 0.999
338.291991 338.332998  75.258 0.000
338.332998 338.375000  74.549 0.000
338.375000 338.416991  75.348 0.000
338.416991 338.457998  74.409 0.000
338.457998 338.500000  74.849 0.000
338.500000 338.541991  74.518 0.000
338.541991 338.582998  75.046 0.000
338.582998 338.625000  74.986 0.000
338.625000 338.666991  74.667 0.000
338.666991 338.707998  76.026 0.000
338.707998 338.750000  74.077 0.000
338.750000 338.791991  73.927 0.000
338.791991 338.832998  74.307 0.000
338.832998 338.875000  75.936 0.000
338.875000 338.916991  75.226 0.000
338.916991 338.957998  74.297 0.000
338.957998 339.000000  74.337 0.000
339.000000 339.041991  74.607 0.000
339.041991 339.082998 999.999 0.999
339.082998 339.125000  76.026 0.000
339.125000 339.166991  76.326 0.000
339.166991 339.207998 999.999 0.999
339.207998 339.250000  76.956 0.000
339.250000 339.291991  76.296 0.000
339.291991 339.332998  76.686 0.000
339.332998 339.375000  77.385 0.000
339.375000 339.416991  77.155 0.000
339.416991 339.457998  78.365 0.000
339.457998 339.500000  76.115 0.000
339.500000 339.541991  75.874 0.000
339.541991 339.582998  76.874 0.000
339.582998 339.625000  75.114 0.000
339.625000 339.666991  73.775 0.000
339.666991 339.707998  73.625 0.000
339.707998 339.750000  72.636 0.000
339.750000 339.791991  72.556 0.000
339.791991 339.832998  72.896 0.000
339.832998 339.875000  73.605 0.000
339.875000 339.916991  74.215 0.000
339.916991 339.957998  66.709 0.000
339.957998 340.000000  64.170 0.000
340.000000 340.041991  60.902 0.000
340.041991 340.082998  58.673 0.000
340.082998 340.125000 999.999 0.999
340.125000 340.166991  51.196 0.000
340.166991 340.207998  45.899 0.000
340.207998 340.250000 999.999 0.999
340.250000 340.291991  52.496 0.000
340.291991 340.332998  51.036 0.000
340.332998 340.375000  50.577 0.000
340.375000 340.416991  50.867 0.000
340.416991 340.457998  51.105 0.000
340.457998 340.500000  50.875 0.000
340.500000 340.541991  50.875 0.000
340.541991 340.582998  51.194 0.000
340.582998 340.625000  51.804 0.000
340.625000 340.666991  48.826 0.000
340.666991 340.707998  49.705 0.000
340.707998 340.750000  50.925 0.000
340.750000 340.791991  50.815 0.000
340.791991 340.832998  51.624 0.000
340.832998 340.875000  51.814 0.000
340.875000 340.916991  51.674 0.000
340.916991 340.957998  55.622 0.000
340.957998 341.000000  57.051 0.000
341.000000 341.041991  65.697 0.000
341.041991 341.082998  64.928 0.000
341.082998 341.125000  65.297 0.000
341.125000 341.166991 999.999 0.999
341.166991 341.207998  54.853 0.000
341.207998 341.250000  53.203 0.000
341.250000 341.291991 999.999 0.999
341.291991 341.332998  52.394 0.000
341.332998 341.375000  55.392 0.000
341.375000 341.416991  52.634 0.000
341.416991 341.457998  51.282 0.000
341.457998 341.500000  55.050 0.000
341.500000 341.541991  52.802 0.000
341.541991 341.582998  53.651 0.000
341.582998 341.625000  53.551 0.000
341.625000 341.666991  56.140 0.000
341.666991 341.707998  57.139 0.000
341.707998 341.750000  62.227 0.000
341.750000 341.791991  61.217 0.000
341.791991 341.832998  61.527 0.000
341.832998 341.875000  61.267 0.000
341.875000 341.916991  62.167 0.000
341.916991 341.957998  63.126 0.000
341.957998 342.000000  63.796 0.000
342.000000 342.041991  65.025 0.000
342.041991 342.082998 999.999 0.999
342.082998 342.125000  66.825 0.000
342.125000 342.166991  67.834 0.000
342.166991 342.207998 999.999 0.999
342.207998 342.250000  70.063 0.000
342.250000 342.291991  71.012 0.000
342.291991 342.332998  72.432 0.000
342.332998 342.375000  72.362 0.000
342.375000 342.416991  72.490 0.000
342.416991 342.457998  73.489 0.000
342.457998 342.500000  74.169 0.000
342.500000 342.541991  75.548 0.000
342.541991 342.582998  74.879 0.000
342.582998 342.625000  74.069 0.000
342.625000 342.666991  74.089 0.000
342.666991 342.707998  74.149 0.000
342.707998 342.750000  73.759 0.000
342.750000 342.791991  73.749 0.000
342.791991 342.832998  73.539 0.000
342.832998 342.875000  72.660 0.000
342.875000 342.916991  72.650 0.000
342.916991 342.957998  73.499 0.000
342.957998 343.000000  72.040 0.000
343.000000 343.041991  70.781 0.000
343.041991 343.082998  71.700 0.000
343.082998 343.125000 999.999 0.999
343.125000 343.166991  72.440 0.000
343.166991 343.207998  72.090 0.000
343.207998 343.250000 999.999 0.999
343.250000 343.291991  72.800 0.000
343.291991 343.332998  73.039 0.000
343.332998 343.375000  74.948 0.000
343.375000 343.416991  74.277 0.000
343.416991 343.457998  72.228 0.000
343.457998 343.500000  71.828 0.000
343.500000 343.541991  71.788 0.000
343.541991 343.582998  71.608 0.000
343.582998 343.625000  71.118 0.000
343.625000 343.666991  71.758 0.000
343.666991 343.707998  71.818 0.000
343.707998 343.750000  72.038 0.000
343.750000 343.791991  71.668 0.000
343.791991 343.832998  70.779 0.000
343.832998 343.875000  71.678 0.000
343.875000 343.916991  71.248 0.000
343.916991 343.957998  71.268 0.000
343.957998 344.000000  71.288 0.000
344.000000 344.041991  70.499 0.000
344.041991 344.082998  71.288 0.000
344.082998 344.125000  71.368 0.000
344.125000 344.166991 999.999 0.999
344.166991 344.207998  71.818 0.000
344.207998 344.250000  71.668 0.000
344.250000 344.291991 999.999 0.999
344.291991 344.332998  72.207 0.000
344.332998 344.375000  72.186 0.000
344.375000 344.416991  71.426 0.000
344.416991 344.457998  71.596 0.000
344.457998 344.500000  71.566 0.000
344.500000 344.541991  70.976 0.000
344.541991 344.582998  71.776 0.000
344.582998 344.625000  72.576 0.000
344.625000 344.666991  72.766 0.000
344.666991 344.707998  72.606 0.000
344.707998 344.750000  73.605 0.000
344.750000 344.791991  75.734 0.000
344.791991 344.832998  75.154 0.000
344.832998 344.875000  76.734 0.000
344.875000 344.916991  75.824 0.000
344.916991 344.957998  76.694 0.000
344.957998 345.000000  77.783 0.000
345.000000 345.041991  78.233 0.000
345.041991 345.082998 999.999 0.999
345.082998 345.125000  79.642 0.000
345.125000 345.166991  79.822 0.000
345.166991 345.207998 999.999 0.999
345.207998 345.250000  79.062 0.000
345.250000 345.291991  79.021 0.000
345.291991 345.332998  78.181 0.000
345.332998 345.375000  76.572 0.000
345.375000 345.416991  77.181 0.000
345.416991 345.457998  76.322 0.000
345.457998 345.500000  76.242 0.000
345.500000 345.541991  76.462 0.000
345.541991 345.582998  75.732 0.000
345.582998 345.625000  75.532 0.000
345.625000 345.666991  75.822 0.000
345.666991 345.707998  76.052 0.000
345.707998 345.750000  77.081 0.000
345.750000 345.791991  77.491 0.000
345.791991 345.832998  77.631 0.000
345.832998 345.875000  77.221 0.000
345.875000 345.916991  76.002 0.000
345.916991 345.957998  74.982 0.000
345.957998 346.000000  74.603 0.000
346.000000 346.041991  73.163 0.000
346.041991 346.082998  74.353 0.000
346.082998 346.125000 999.999 0.999
346.125000 346.166991  75.722 0.000
346.166991 346.207998  75.332 0.000
346.207998 346.250000 999.999 0.999
346.250000 346.291991  76.900 0.000
346.291991 346.332998  76.370 0.000
346.332998 346.375000  77.729 0.000
346.375000 346.416991  75.250 0.000
346.416991 346.457998  75.330 0.000
346.457998 346.500000  76.780 0.000
346.500000 346.541991  75.450 0.000
346.541991 346.582998  75.400 0.000
346.582998 346.625000  75.520 0.000
346.625000 346.666991  76.440 0.000
346.666991 346.707998  76.040 0.000
346.707998 346.750000  75.480 0.000
346.750000 346.791991  75.190 0.000
346.791991 346.832998  74.441 0.000
346.832998 346.875000  73.311 0.000
346.875000 346.916991  72.662 0.000
346.916991 346.957998  72.052 0.000
346.957998 347.000000  72.642 0.000
347.000000 347.041991  72.642 0.000
347.041991 347.082998  72.672 0.000
347.082998 347.125000  73.001 0.000
347.125000 347.166991 999.999 0.999
347.166991 347.207998  72.162 0.000
347.207998 347.250000  72.720 0.000
347.250000 347.291991 999.999 0.999
347.291991 347.332998  72.320 0.000
347.332998 347.375000  72.590 0.000
347.375000 347.416991  72.870 0.000
347.416991 347.457998  72.979 0.000
347.457998 347.500000  73.209 0.000
347.500000 347.541991  71.760 0.000
347.541991 347.582998  71.580 0.000
347.582998 347.625000  71.510 0.000
347.625000 347.666991  70.931 0.000
347.666991 347.707998  71.970 0.000
347.707998 347.750000  71.710 0.000
347.750000 347.791991  72.160 0.000
347.791991 347.832998  71.240 0.000
347.832998 347.875000  71.430 0.000
347.875000 347.916991  71.570 0.000
347.916991 347.957998  71.790 0.000
347.957998 348.000000  71.200 0.000
348.000000 348.041991  71.620 0.000
348.041991 348.082998 999.999 0.999
348.082998 348.125000  72.240 0.000
348.125000 348.166991  72.260 0.000
348.166991 348.207998 999.999 0.999
348.207998 348.250000  70.629 0.000
348.250000 348.291991  70.689 0.000
348.291991 348.332998  70.779 0.000
348.332998 348.375000  70.299 0.000
348.375000 348.416991  70.909 0.000
348.416991 348.457998  71.258 0.000
348.457998 348.500000  71.958 0.000
348.500000 348.541991  71.098 0.000
348.541991 348.582998  71.438 0.000
348.582998 348.625000  70.499 0.000
348.625000 348.666991  71.218 0.000
348.666991 348.707998  70.959 0.000
348.707998 348.750000  70.559 0.000
348.750000 348.791991  70.709 0.000
348.791991 348.832998  69.639 0.000
348.832998 348.875000  69.139 0.000
348.875000 348.916991  69.239 0.000
348.916991 348.957998  69.189 0.000
348.957998 349.000000  69.169 0.000
349.000000 349.041991  69.249 0.000
349.041991 349.082998  68.930 0.000
349.082998 349.125000 999.999 0.999
349.125000 349.166991  69.468 0.000
349.166991 349.207998  69.317 0.000
349.207998 349.250000 999.999 0.999
349.250000 349.291991  69.737 0.000
349.291991 349.332998  69.617 0.000
349.332998 349.375000  69.407 0.000
349.375000 349.416991  69.117 0.000
349.416991 349.457998  68.598 0.000
349.457998 349.500000  68.928 0.000
349.500000 349.541991  68.598 0.000
349.541991 349.582998  68.638 0.000
349.582998 349.625000  69.117 0.000
349.625000 349.666991  69.067 0.000
349.666991 349.707998  69.327 0.000
349.707998 349.750000  69.657 0.000
349.750000 349.791991  69.627 0.000
349.791991 349.832998  68.878 0.000
349.832998 349.875000  69.637 0.000
349.875000 349.916991  68.987 0.000
349.916991 349.957998  68.528 0.000
349.957998 350.000000  68.278 0.000
350.000000 350.041991  68.348 0.000
350.041991 350.082998  69.267 0.000
350.082998 350.125000  70.156 0.000
350.125000 350.166991 999.999 0.999
350.166991 350.207998  72.754 0.000
350.207998 350.250000  72.034 0.000
350.250000 350.291991 999.999 0.999
350.291991 350.332998  71.134 0.000
350.332998 350.375000  70.725 0.000
350.375000 350.416991  71.584 0.000
350.416991 350.457998  71.094 0.000
350.457998 350.500000  71.974 0.000
350.500000 350.541991  72.874 0.000
350.541991 350.582998  73.153 0.000
350.582998 350.625000  73.113 0.000
350.625000 350.666991  72.814 0.000
350.666991 350.707998  72.044 0.000
350.707998 350.750000  71.904 0.000
350.750000 350.791991  72.214 0.000
350.791991 350.832998  71.314 0.000
350.832998 350.875000  71.744 0.000
350.875000 350.916991  70.635 0.000
350.916991 350.957998  71.834 0.000
350.957998 351.000000  71.954 0.000
351.000000 351.041991  72.614 0.000
351.041991 351.082998 999.999 0.999
351.082998 351.125000  72.612 0.000
351.125000 351.166991  72.372 0.000
351.166991 351.207998 999.999 0.999
351.207998 351.250000  71.852 0.000
351.250000 351.291991  71.972 0.000
351.291991 351.332998  72.122 0.000
351.332998 351.375000  71.222 0.000
351.375000 351.416991  72.112 0.000
351.416991 351.457998  71.082 0.000
351.457998 351.500000  72.482 0.000
351.500000 351.541991  73.671 0.000
351.541991 351.582998  74.511 0.000
351.582998 351.625000  73.741 0.000
351.625000 351.666991  72.952 0.000
351.666991 351.707998  72.612 0.000
351.707998 351.750000  72.632 0.000
351.750000 351.791991  74.821 0.000
351.791991 351.832998  74.281 0.000
