ODEfiles/DK0010G08_15/DK0010G.20100101000000.20120420000000.uv_abs.ozone.air.1y.1h.DK01L_O3mon10.DK01L_UV_absorption..nas
45 1001
Kemp, Kaare
DK01L, National Environmental Research Institute, NERI, , "P.O.Box 358, Fredriksborgvei 399, DK-4000 Roskilde, Denmark", , , , 
Kemp, Kaare
AMAP EMEP GAW-WDCRG
1 1
2010 01 01 2012 04 20
0
days from file reference point
3
1 1 1
999.999999 999.999 9.999
end_time of measurement, days from the file reference point
ozone, ug/m3
numflag ozone, no unit
0
28
Data definition:              EBAS_1.1
Set type code:                TI
Timezone:                     UTC
File name:                    DK0010G.20100101000000.20120420000000.uv_abs.ozone.air.1y.1h.DK01L_O3mon10.DK01L_UV_absorption..nas
File creation:                20190910074041
Startdate:                    20100101000000
Revision date:                20120420000000
Statistics:                   arithmetic mean
Data level:                   
Period code:                  1y
Resolution code:              1h
Station code:                 DK0010G
Platform code:                DK0010S
Station name:                 Villum Research Station, Station Nord
Station latitude:             81.6
Station longitude:            -16.67
Station altitude:             20.0m
Regime:                       IMG
Component:                    ozone
Unit:                         ug/m3
Matrix:                       air
Instrument type:              uv_abs
Laboratory code:              DK01L
Instrument name:              O3mon10
Method ref:                   DK01L_UV_absorption
Originator:                   Kemp, Kaare, , , , , , , , , 
Submitter:                    Kemp, Kaare, , , , , , , , , 
starttime endtime O3 flag_O3
[from data line 4445]
185.207998 185.250000  54.393 0.000
185.250000 185.291991 999.999 0.456
185.291991 185.332998  55.152 0.000
185.332998 185.375000  51.804 0.000
185.375000 185.416991  52.774 0.000
185.416991 185.457998  51.804 0.000
185.457998 185.500000  50.765 0.000
185.500000 185.541991  51.134 0.000
185.541991 185.582998  49.225 0.000
185.582998 185.625000  50.795 0.000
185.625000 185.666991  50.885 0.000
185.666991 185.707998  51.314 0.000
185.707998 185.750000  53.553 0.000
185.750000 185.791991  41.969 0.000
185.791991 185.832998  50.595 0.000
185.832998 185.875000  53.233 0.000
185.875000 185.916991  52.374 0.000
185.916991 185.957998  48.676 0.000
185.957998 186.000000  51.764 0.000
186.000000 186.041991  58.591 0.000
186.041991 186.082998 999.999 0.456
186.082998 186.125000  55.122 0.000
186.125000 186.166991  53.003 0.000
186.166991 186.207998 999.999 0.456
186.207998 186.250000  54.343 0.000
186.250000 186.291991  53.273 0.000
186.291991 186.332998  54.453 0.000
186.332998 186.375000  55.682 0.000
186.375000 186.416991  56.812 0.000
186.416991 186.457998  55.522 0.000
186.457998 186.500000  55.652 0.000
186.500000 186.541991  54.673 0.000
186.541991 186.582998  53.053 0.000
186.582998 186.625000  37.841 0.000
186.625000 186.666991  37.391 0.000
186.666991 186.707998  50.795 0.000
186.707998 186.750000  48.796 0.000
186.750000 186.791991  54.513 0.000
186.791991 186.832998  56.702 0.000
186.832998 186.875000  56.532 0.000
186.875000 186.916991  53.963 0.000
186.916991 186.957998  54.273 0.000
186.957998 187.000000  57.301 0.000
187.000000 187.041991  52.884 0.000
187.041991 187.082998  51.684 0.000
187.082998 187.125000 999.999 0.456
187.125000 187.166991  50.085 0.000
187.166991 187.207998  50.385 0.000
187.207998 187.250000 999.999 0.456
187.250000 187.291991  52.272 0.000
187.291991 187.332998  49.943 0.000
187.332998 187.375000  48.964 0.000
187.375000 187.416991  45.315 0.000
187.416991 187.457998  35.350 0.000
187.457998 187.500000  25.645 0.000
187.500000 187.541991  41.947 0.000
187.541991 187.582998  36.090 0.000
187.582998 187.625000  28.014 0.000
187.625000 187.666991  23.636 0.000
187.666991 187.707998  34.391 0.000
187.707998 187.750000  50.683 0.000
187.750000 187.791991  49.303 0.000
187.791991 187.832998  46.545 0.000
187.832998 187.875000  49.363 0.000
187.875000 187.916991  53.021 0.000
187.916991 187.957998  50.673 0.000
187.957998 188.000000  52.682 0.000
188.000000 188.041991  56.200 0.000
188.041991 188.082998  58.988 0.000
188.082998 188.125000  55.060 0.000
188.125000 188.166991 999.999 0.456
188.166991 188.207998  55.890 0.000
188.207998 188.250000  57.629 0.000
188.250000 188.291991 999.999 0.456
188.291991 188.332998  57.079 0.000
188.332998 188.375000  55.480 0.000
188.375000 188.416991  57.419 0.000
188.416991 188.457998  56.070 0.000
188.457998 188.500000  56.370 0.000
188.500000 188.541991  55.680 0.000
188.541991 188.582998  59.528 0.000
188.582998 188.625000  55.240 0.000
188.625000 188.666991  54.531 0.000
188.666991 188.707998  56.170 0.000
188.707998 188.750000  55.770 0.000
188.750000 188.791991  55.130 0.000
188.791991 188.832998  61.577 0.000
188.832998 188.875000  64.166 0.000
188.875000 188.916991  65.305 0.000
188.916991 188.957998  63.926 0.000
188.957998 189.000000  62.797 0.000
189.000000 189.041991  59.318 0.000
189.041991 189.082998 999.999 0.456
189.082998 189.125000  60.218 0.000
189.125000 189.166991  61.467 0.000
189.166991 189.207998 999.999 0.456
189.207998 189.250000  62.147 0.000
189.250000 189.291991  62.847 0.000
189.291991 189.332998  64.226 0.000
189.332998 189.375000  64.186 0.000
189.375000 189.416991  61.907 0.000
189.416991 189.457998  62.507 0.000
189.457998 189.500000  62.207 0.000
189.500000 189.541991  61.047 0.000
189.541991 189.582998  60.997 0.000
189.582998 189.625000  61.257 0.000
189.625000 189.666991  60.788 0.000
189.666991 189.707998  59.398 0.000
189.707998 189.750000  59.568 0.000
189.750000 189.791991  58.929 0.000
189.791991 189.832998  59.008 0.000
189.832998 189.875000  58.679 0.000
189.875000 189.916991  59.218 0.000
189.916991 189.957998  57.379 0.000
189.957998 190.000000  56.930 0.000
190.000000 190.041991  55.850 0.000
190.041991 190.082998  52.432 0.000
190.082998 190.125000 999.999 0.456
190.125000 190.166991  51.072 0.000
190.166991 190.207998  49.973 0.000
190.207998 190.250000 999.999 0.456
190.250000 190.291991  50.473 0.000
190.291991 190.332998  50.453 0.000
190.332998 190.375000  51.432 0.000
190.375000 190.416991  51.322 0.000
190.416991 190.457998  50.543 0.000
190.457998 190.500000  45.115 0.000
190.500000 190.541991  56.440 0.000
190.541991 190.582998  60.088 0.000
190.582998 190.625000  59.428 0.000
190.625000 190.666991  57.849 0.000
190.666991 190.707998  58.699 0.000
190.707998 190.750000  57.719 0.000
190.750000 190.791991  56.000 0.000
190.791991 190.832998  57.049 0.000
190.832998 190.875000  58.069 0.000
190.875000 190.916991  57.959 0.000
190.916991 190.957998  58.819 0.000
190.957998 191.000000  59.448 0.000
191.000000 191.041991  59.128 0.000
191.041991 191.082998  57.709 0.000
191.082998 191.125000  55.930 0.000
191.125000 191.166991 999.999 0.456
191.166991 191.207998  55.000 0.000
191.207998 191.250000  55.590 0.000
191.250000 191.291991 999.999 0.456
191.291991 191.332998  53.941 0.000
191.332998 191.375000  53.041 0.000
191.375000 191.416991  52.152 0.000
191.416991 191.457998  55.680 0.000
191.457998 191.500000  55.960 0.000
191.500000 191.541991  50.443 0.000
191.541991 191.582998  50.323 0.000
191.582998 191.625000  50.613 0.000
191.625000 191.666991  50.653 0.000
191.666991 191.707998  50.763 0.000
191.707998 191.750000  51.102 0.000
191.750000 191.791991  50.143 0.000
191.791991 191.832998  49.413 0.000
191.832998 191.875000  49.153 0.000
191.875000 191.916991  49.593 0.000
191.916991 191.957998  49.153 0.000
191.957998 192.000000  49.983 0.000
192.000000 192.041991  50.631 0.000
192.041991 192.082998 999.999 0.456
192.082998 192.125000  50.861 0.000
192.125000 192.166991  51.040 0.000
192.166991 192.207998 999.999 0.456
192.207998 192.250000  47.572 0.000
192.250000 192.291991  48.062 0.000
192.291991 192.332998  47.662 0.000
192.332998 192.375000  51.770 0.000
192.375000 192.416991  50.271 0.000
192.416991 192.457998  53.459 0.000
192.457998 192.500000  54.009 0.000
192.500000 192.541991  54.479 0.000
192.541991 192.582998  56.898 0.000
192.582998 192.625000  57.167 0.000
192.625000 192.666991  55.848 0.000
192.666991 192.707998  56.438 0.000
192.707998 192.750000  56.208 0.000
192.750000 192.791991  55.698 0.000
192.791991 192.832998  56.728 0.000
192.832998 192.875000  56.348 0.000
192.875000 192.916991  57.537 0.000
192.916991 192.957998  55.288 0.000
192.957998 193.000000  57.147 0.000
193.000000 193.041991  56.798 0.000
193.041991 193.082998  54.939 0.000
193.082998 193.125000 999.999 0.456
193.125000 193.166991  52.810 0.000
193.166991 193.207998  51.840 0.000
193.207998 193.250000 999.999 0.456
193.250000 193.291991  51.170 0.000
193.291991 193.332998  51.810 0.000
193.332998 193.375000  52.120 0.000
193.375000 193.416991  52.750 0.000
193.416991 193.457998  51.690 0.000
193.457998 193.500000  52.480 0.000
193.500000 193.541991  52.850 0.000
193.541991 193.582998  51.540 0.000
193.582998 193.625000  52.390 0.000
193.625000 193.666991  54.729 0.000
193.666991 193.707998  56.478 0.000
193.707998 193.750000  59.366 0.000
193.750000 193.791991  63.094 0.000
193.791991 193.832998  65.443 0.000
193.832998 193.875000  67.972 0.000
193.875000 193.916991  66.103 0.000
193.916991 193.957998  67.372 0.000
193.957998 194.000000  63.544 0.000
194.000000 194.041991  61.775 0.000
194.041991 194.082998  62.665 0.000
194.082998 194.125000  59.186 0.000
194.125000 194.166991 999.999 0.456
194.166991 194.207998  61.465 0.000
194.207998 194.250000  61.275 0.000
194.250000 194.291991 999.999 0.456
194.291991 194.332998  56.288 0.000
194.332998 194.375000  55.968 0.000
194.375000 194.416991  58.077 0.000
194.416991 194.457998  56.987 0.000
194.457998 194.500000  57.907 0.000
194.500000 194.541991  61.205 0.000
194.541991 194.582998  61.945 0.000
194.582998 194.625000  60.726 0.000
194.625000 194.666991  61.245 0.000
194.666991 194.707998  61.265 0.000
194.707998 194.750000  59.346 0.000
194.750000 194.791991  58.127 0.000
194.791991 194.832998  58.867 0.000
194.832998 194.875000  60.306 0.000
194.875000 194.916991  61.595 0.000
194.916991 194.957998  63.024 0.000
194.957998 195.000000  64.114 0.000
195.000000 195.041991  67.442 0.000
195.041991 195.082998 999.999 0.456
195.082998 195.125000  65.963 0.000
195.125000 195.166991  68.212 0.000
195.166991 195.207998 999.999 0.456
195.207998 195.250000  65.863 0.000
195.250000 195.291991  65.793 0.000
195.291991 195.332998  68.122 0.000
195.332998 195.375000  75.338 0.000
195.375000 195.416991  70.021 0.000
195.416991 195.457998  57.447 0.000
195.457998 195.500000  56.458 0.000
195.500000 195.541991  55.748 0.000
195.541991 195.582998  54.269 0.000
195.582998 195.625000  54.679 0.000
195.625000 195.666991  54.259 0.000
195.666991 195.707998  54.389 0.000
195.707998 195.750000  55.008 0.000
195.750000 195.791991  60.396 0.000
195.791991 195.832998  61.245 0.000
195.832998 195.875000  61.315 0.000
195.875000 195.916991  61.445 0.000
195.916991 195.957998  60.936 0.000
195.957998 196.000000  59.926 0.000
196.000000 196.041991  59.586 0.000
196.041991 196.082998  58.807 0.000
196.082998 196.125000 999.999 0.456
196.125000 196.166991  54.069 0.000
196.166991 196.207998  57.317 0.000
196.207998 196.250000 999.999 0.456
196.250000 196.291991  57.327 0.000
196.291991 196.332998  56.848 0.000
196.332998 196.375000  57.447 0.000
196.375000 196.416991  56.428 0.000
196.416991 196.457998  57.467 0.000
196.457998 196.500000  56.598 0.000
196.500000 196.541991  56.548 0.000
196.541991 196.582998  55.848 0.000
196.582998 196.625000  53.399 0.000
196.625000 196.666991  54.839 0.000
196.666991 196.707998  52.770 0.000
196.707998 196.750000  54.329 0.000
196.750000 196.791991  54.078 0.000
196.791991 196.832998  54.587 0.000
196.832998 196.875000  53.587 0.000
196.875000 196.916991  52.188 0.000
196.916991 196.957998  49.599 0.000
196.957998 197.000000  50.189 0.000
197.000000 197.041991  50.789 0.000
197.041991 197.082998  53.227 0.000
197.082998 197.125000  54.787 0.000
197.125000 197.166991 999.999 0.456
197.166991 197.207998  53.427 0.000
197.207998 197.250000  53.257 0.000
197.250000 197.291991 999.999 0.456
197.291991 197.332998  47.370 0.000
197.332998 197.375000  47.770 0.000
197.375000 197.416991  50.709 0.000
197.416991 197.457998  53.597 0.000
197.457998 197.500000  52.158 0.000
197.500000 197.541991  51.498 0.000
197.541991 197.582998  51.388 0.000
197.582998 197.625000  49.509 0.000
197.625000 197.666991  49.429 0.000
197.666991 197.707998  49.489 0.000
197.707998 197.750000  48.660 0.000
197.750000 197.791991  47.640 0.000
197.791991 197.832998  47.950 0.000
197.832998 197.875000  47.260 0.000
197.875000 197.916991  45.481 0.000
197.916991 197.957998  46.401 0.000
197.957998 198.000000  47.420 0.000
198.000000 198.041991  47.090 0.000
198.041991 198.082998 999.999 0.456
198.082998 198.125000  45.871 0.000
198.125000 198.166991  45.941 0.000
198.166991 198.207998 999.999 0.456
198.207998 198.250000  46.721 0.000
198.250000 198.291991  47.380 0.000
198.291991 198.332998  48.430 0.000
198.332998 198.375000  48.390 0.000
198.375000 198.416991  47.740 0.000
198.416991 198.457998  46.681 0.000
198.457998 198.500000  46.171 0.000
198.500000 198.541991  45.221 0.000
198.541991 198.582998  46.141 0.000
198.582998 198.625000  47.150 0.000
198.625000 198.666991  46.961 0.000
198.666991 198.707998  47.120 0.000
198.707998 198.750000  45.391 0.000
198.750000 198.791991  45.541 0.000
198.791991 198.832998  47.080 0.000
198.832998 198.875000  46.931 0.000
198.875000 198.916991  46.431 0.000
198.916991 198.957998  47.490 0.000
198.957998 199.000000  49.079 0.000
199.000000 199.041991  47.720 0.000
199.041991 199.082998  46.731 0.000
199.082998 199.125000 999.999 0.456
199.125000 199.166991  44.952 0.000
199.166991 199.207998  44.782 0.000
199.207998 199.250000 999.999 0.456
199.250000 199.291991  45.591 0.000
199.291991 199.332998  44.582 0.000
199.332998 199.375000  44.162 0.000
199.375000 199.416991  42.583 0.000
199.416991 199.457998  43.162 0.000
199.457998 199.500000  34.307 0.000
199.500000 199.541991  33.757 0.000
199.541991 199.582998  38.695 0.000
199.582998 199.625000  39.204 0.000
199.625000 199.666991  31.458 0.000
199.666991 199.707998  29.809 0.000
199.707998 199.750000  23.692 0.000
199.750000 199.791991  24.642 0.000
199.791991 199.832998  24.712 0.000
199.832998 199.875000  24.862 0.000
199.875000 199.916991  29.009 0.000
199.916991 199.957998  36.826 0.000
199.957998 200.000000  37.085 0.000
200.000000 200.041991  36.566 0.000
200.041991 200.082998  36.506 0.000
200.082998 200.125000  36.266 0.000
200.125000 200.166991 999.999 0.456
200.166991 200.207998  35.976 0.000
200.207998 200.250000  36.316 0.000
200.250000 200.291991 999.999 0.456
200.291991 200.332998  37.105 0.000
200.332998 200.375000  37.065 0.000
200.375000 200.416991  38.435 0.000
200.416991 200.457998  37.135 0.000
200.457998 200.500000  37.065 0.000
200.500000 200.541991  37.325 0.000
200.541991 200.582998  37.895 0.000
200.582998 200.625000  37.315 0.000
200.625000 200.666991  36.636 0.000
200.666991 200.707998  36.026 0.000
200.707998 200.750000  35.396 0.000
200.750000 200.791991  34.947 0.000
200.791991 200.832998  34.907 0.000
200.832998 200.875000  34.687 0.000
200.875000 200.916991  34.557 0.000
200.916991 200.957998  34.117 0.000
200.957998 201.000000  33.797 0.000
201.000000 201.041991  33.957 0.000
201.041991 201.082998 999.999 0.456
201.082998 201.125000  33.607 0.000
201.125000 201.166991  34.007 0.000
201.166991 201.207998 999.999 0.456
201.207998 201.250000  34.367 0.000
201.250000 201.291991  34.927 0.000
201.291991 201.332998  34.427 0.000
201.332998 201.375000  34.647 0.000
201.375000 201.416991  35.396 0.000
201.416991 201.457998  35.846 0.000
201.457998 201.500000  36.696 0.000
201.500000 201.541991  37.855 0.000
201.541991 201.582998  38.583 0.000
201.582998 201.625000  39.552 0.000
201.625000 201.666991  40.182 0.000
201.666991 201.707998  39.442 0.000
201.707998 201.750000  38.773 0.000
201.750000 201.791991  38.943 0.000
201.791991 201.832998  40.762 0.000
201.832998 201.875000  41.851 0.000
201.875000 201.916991  42.561 0.000
201.916991 201.957998  43.490 0.000
201.957998 202.000000  43.020 0.000
202.000000 202.041991  44.380 0.000
202.041991 202.082998  44.040 0.000
202.082998 202.125000 999.999 0.456
202.125000 202.166991  46.549 0.000
202.166991 202.207998  44.310 0.000
202.207998 202.250000 999.999 0.456
202.250000 202.291991  40.082 0.000
202.291991 202.332998  40.502 0.000
202.332998 202.375000  40.092 0.000
202.375000 202.416991  40.252 0.000
202.416991 202.457998  38.743 0.000
202.457998 202.500000  38.693 0.000
202.500000 202.541991  39.472 0.000
202.541991 202.582998  38.363 0.000
202.582998 202.625000  38.493 0.000
202.625000 202.666991  36.894 0.000
202.666991 202.707998  36.824 0.000
202.707998 202.750000  37.503 0.000
202.750000 202.791991  39.172 0.000
202.791991 202.832998  38.093 0.000
202.832998 202.875000  37.443 0.000
202.875000 202.916991  38.253 0.000
202.916991 202.957998  37.773 0.000
202.957998 203.000000  37.813 0.000
203.000000 203.041991  35.994 0.000
203.041991 203.082998  37.093 0.000
203.082998 203.125000  37.293 0.000
203.125000 203.166991 999.999 0.456
203.166991 203.207998  39.952 0.000
203.207998 203.250000  42.751 0.000
203.250000 203.291991 999.999 0.456
203.291991 203.332998  41.701 0.000
203.332998 203.375000  42.901 0.000
203.375000 203.416991  42.521 0.000
203.416991 203.457998  42.681 0.000
203.457998 203.500000  43.170 0.000
203.500000 203.541991  41.701 0.000
203.541991 203.582998  41.521 0.000
203.582998 203.625000  40.712 0.000
203.625000 203.666991  40.732 0.000
