ODEfiles/DK0010G08_15/DK0010G.20100101000000.20120420000000.uv_abs.ozone.air.1y.1h.DK01L_O3mon10.DK01L_UV_absorption..nas
45 1001
Kemp, Kaare
DK01L, National Environmental Research Institute, NERI, , "P.O.Box 358, Fredriksborgvei 399, DK-4000 Roskilde, Denmark", , , , 
Kemp, Kaare
AMAP EMEP GAW-WDCRG
1 1
2010 01 01 2012 04 20
0
days from file reference point
3
1 1 1
999.999999 999.999 9.999
end_time of measurement, days from the file reference point
ozone, ug/m3
numflag ozone, no unit
0
28
Data definition:              EBAS_1.1
Set type code:                TI
Timezone:                     UTC
File name:                    DK0010G.20100101000000.20120420000000.uv_abs.ozone.air.1y.1h.DK01L_O3mon10.DK01L_UV_absorption..nas
File creation:                20190910074041
Startdate:                    20100101000000
Revision date:                20120420000000
Statistics:                   arithmetic mean
Data level:                   
Period code:                  1y
Resolution code:              1h
Station code:                 DK0010G
Platform code:                DK0010S
Station name:                 Villum Research Station, Station Nord
Station latitude:             81.6
Station longitude:            -16.67
Station altitude:             20.0m
Regime:                       IMG
Component:                    ozone
Unit:                         ug/m3
Matrix:                       air
Instrument type:              uv_abs
Laboratory code:              DK01L
Instrument name:              O3mon10
Method ref:                   DK01L_UV_absorption
Originator:                   Kemp, Kaare, , , , , , , , , 
Submitter:                    Kemp, Kaare, , , , , , , , , 
starttime endtime O3 flag_O3
[from data line 1334]
 55.583299  55.625000  81.829 0.000
 55.625000  55.666690  80.050 0.000
 55.666690  55.708299  79.800 0.000
 55.708299  55.750000  78.591 0.000
 55.750000  55.791690  75.712 0.000
 55.791690  55.833299  75.602 0.000
 55.833299  55.875000  76.542 0.000
 55.875000  55.916690  74.843 0.000
 55.916690  55.958299  73.223 0.000
 55.958299  56.000000  71.254 0.000
 56.000000  56.041690  69.635 0.000
 56.041690  56.083299 999.999 0.456
 56.083299  56.125000  73.623 0.000
 56.125000  56.166690  74.613 0.000
 56.166690  56.208299 999.999 0.456
 56.208299  56.250000  72.433 0.000
 56.250000  56.291690  74.045 0.000
 56.291690  56.333299  75.008 0.000
 56.333299  56.375000  75.910 0.000
 56.375000  56.416690  75.054 0.000
 56.416690  56.458299  75.557 0.000
 56.458299  56.500000  74.201 0.000
 56.500000  56.541690  75.184 0.000
 56.541690  56.583299  73.437 0.000
 56.583299  56.625000  75.230 0.000
 56.625000  56.666690  75.273 0.000
 56.666690  56.708299  75.166 0.000
 56.708299  56.750000  72.452 0.000
 56.750000  56.791690  73.173 0.000
 56.791690  56.833299  75.036 0.000
 56.833299  56.875000  76.089 0.000
 56.875000  56.916690  76.102 0.000
 56.916690  56.958299  76.456 0.000
 56.958299  57.000000  75.968 0.000
 57.000000  57.041690  77.781 0.000
 57.041690  57.083299  76.405 0.000
 57.083299  57.125000 999.999 0.456
 57.125000  57.166690  77.461 0.000
 57.166690  57.208299  77.763 0.000
 57.208299  57.250000 999.999 0.456
 57.250000  57.291690  77.510 0.000
 57.291690  57.333299  78.475 0.000
 57.333299  57.375000  77.691 0.000
 57.375000  57.416690  78.605 0.000
 57.416690  57.458299  79.420 0.000
 57.458299  57.500000  76.287 0.000
 57.500000  57.541690  75.722 0.000
 57.541690  57.583299  76.178 0.000
 57.583299  57.625000 999.999 0.456
 57.625000  57.666690 999.999 0.456
 57.666690  57.708299  78.732 0.000
 57.708299  57.750000  80.146 0.000
 57.750000  57.791690  80.582 0.000
 57.791690  57.833299  81.995 0.000
 57.833299  57.875000  79.722 0.000
 57.875000  57.916690  80.077 0.000
 57.916690  57.958299  80.262 0.000
 57.958299  58.000000  80.288 0.000
 58.000000  58.041690  77.453 0.000
 58.041690  58.083299  78.319 0.000
 58.083299  58.125000  82.842 0.000
 58.125000  58.166690 999.999 0.456
 58.166690  58.208299  81.223 0.000
 58.208299  58.250000  79.778 0.000
 58.250000  58.291690 999.999 0.456
 58.291690  58.333299  84.992 0.000
 58.333299  58.375000  87.261 0.000
 58.375000  58.416690  87.931 0.000
 58.416690  58.458299  86.942 0.000
 58.458299  58.500000  86.082 0.000
 58.500000  58.541690  85.832 0.000
 58.541690  58.583299  85.622 0.000
 58.583299  58.625000  85.702 0.000
 58.625000  58.666690  85.132 0.000
 58.666690  58.708299  86.282 0.000
 58.708299  58.750000  84.853 0.000
 58.750000  58.791690  84.992 0.000
 58.791690  58.833299  83.093 0.000
 58.833299  58.875000  83.953 0.000
 58.875000  58.916690  82.664 0.000
 58.916690  58.958299  83.053 0.000
 58.958299  59.000000  83.083 0.000
 59.000000  59.041690  85.742 0.000
 59.041690  59.083299 999.999 0.456
 59.083299  59.125000  84.913 0.000
 59.125000  59.166690  83.673 0.000
 59.166690  59.208299 999.999 0.456
 59.208299  59.250000  80.800 0.000
 59.250000  59.291690  78.694 0.000
 59.291690  59.333299  79.436 0.000
 59.333299  59.375000  81.047 0.000
 59.375000  59.416690  80.820 0.000
 59.416690  59.458299  82.692 0.000
 59.458299  59.500000  79.046 0.000
 59.500000  59.541690  82.207 0.000
 59.541690  59.583299  83.148 0.000
 59.583299  59.625000  82.232 0.000
 59.625000  59.666690  83.384 0.000
 59.666690  59.708299  82.557 0.000
 59.708299  59.750000 999.999 0.456
 59.750000  59.791690  82.202 0.000
 59.791690  59.833299 999.999 0.456
 59.833299  59.875000  83.536 0.000
 59.875000  59.916690  85.797 0.000
 59.916690  59.958299  85.100 0.000
 59.958299  60.000000  84.064 0.000
 60.000000  60.041690  85.155 0.000
 60.041690  60.083299 999.999 0.456
 60.083299  60.125000  85.150 0.000
 60.125000  60.166690  85.973 0.000
 60.166690  60.208299 999.999 0.456
 60.208299  60.250000  85.962 0.000
 60.250000  60.291690  85.154 0.000
 60.291690  60.333299  84.877 0.000
 60.333299  60.375000  81.690 0.000
 60.375000  60.416690  81.972 0.000
 60.416690  60.458299  80.225 0.000
 60.458299  60.500000  76.829 0.000
 60.500000  60.541690  76.681 0.000
 60.541690  60.583299  75.563 0.000
 60.583299  60.625000  76.925 0.000
 60.625000  60.666690  75.397 0.000
 60.666690  60.708299  75.209 0.000
 60.708299  60.750000  74.352 0.000
 60.750000  60.791690  75.383 0.000
 60.791690  60.833299  76.825 0.000
 60.833299  60.875000  76.727 0.000
 60.875000  60.916690  73.870 0.000
 60.916690  60.958299  71.743 0.000
 60.958299  61.000000  75.493 0.000
 61.000000  61.041690  75.965 0.000
 61.041690  61.083299  75.137 0.000
 61.083299  61.125000 999.999 0.456
 61.125000  61.166690  76.251 0.000
 61.166690  61.208299  77.372 0.000
 61.208299  61.250000 999.999 0.456
 61.250000  61.291690  76.186 0.000
 61.291690  61.333299  76.213 0.000
 61.333299  61.375000  77.780 0.000
 61.375000  61.416690  79.255 0.000
 61.416690  61.458299  80.043 0.000
 61.458299  61.500000  80.710 0.000
 61.500000  61.541690  82.826 0.000
 61.541690  61.583299  82.674 0.000
 61.583299  61.625000  83.429 0.000
 61.625000  61.666690  84.827 0.000
 61.666690  61.708299  82.215 0.000
 61.708299  61.750000  79.473 0.000
 61.750000  61.791690  83.009 0.000
 61.791690  61.833299  83.795 0.000
 61.833299  61.875000  83.423 0.000
 61.875000  61.916690  83.740 0.000
 61.916690  61.958299  85.276 0.000
 61.958299  62.000000  85.664 0.000
 62.000000  62.041690  85.070 0.000
 62.041690  62.083299  85.078 0.000
 62.083299  62.125000  84.486 0.000
 62.125000  62.166690 999.999 0.456
 62.166690  62.208299  84.281 0.000
 62.208299  62.250000  84.737 0.000
 62.250000  62.291690 999.999 0.456
 62.291690  62.333299  84.893 0.000
 62.333299  62.375000  85.920 0.000
 62.375000  62.416690  86.108 0.000
 62.416690  62.458299  85.296 0.000
 62.458299  62.500000  84.766 0.000
 62.500000  62.541690  85.394 0.000
 62.541690  62.583299  84.303 0.000
 62.583299  62.625000  84.841 0.000
 62.625000  62.666690  82.820 0.000
 62.666690  62.708299  84.197 0.000
 62.708299  62.750000  84.355 0.000
 62.750000  62.791690  83.413 0.000
 62.791690  62.833299  84.081 0.000
 62.833299  62.875000  83.139 0.000
 62.875000  62.916690  84.437 0.000
 62.916690  62.958299  82.986 0.000
 62.958299  63.000000  83.065 0.000
 63.000000  63.041690  83.153 0.000
 63.041690  63.083299 999.999 0.456
 63.083299  63.125000  83.869 0.000
 63.125000  63.166690  82.668 0.000
 63.166690  63.208299 999.999 0.456
 63.208299  63.250000  83.185 0.000
 63.250000  63.291690  83.781 0.000
 63.291690  63.333299  84.446 0.000
 63.333299  63.375000  84.981 0.000
 63.375000  63.416690  83.507 0.000
 63.416690  63.458299  83.613 0.000
 63.458299  63.500000  84.849 0.000
 63.500000  63.541690  84.124 0.000
 63.541690  63.583299  83.970 0.000
 63.583299  63.625000  83.595 0.000
 63.625000  63.666690  82.912 0.000
 63.666690  63.708299  81.968 0.000
 63.708299  63.750000  81.873 0.000
 63.750000  63.791690  80.910 0.000
 63.791690  63.833299  81.894 0.000
 63.833299  63.875000  81.720 0.000
 63.875000  63.916690  81.886 0.000
 63.916690  63.958299  80.802 0.000
 63.958299  64.000000  80.967 0.000
 64.000000  64.041690  81.072 0.000
 64.041690  64.083299  80.279 0.000
 64.083299  64.125000 999.999 0.456
 64.125000  64.166690  76.702 0.000
 64.166690  64.208299  71.880 0.000
 64.208299  64.250000 999.999 0.456
 64.250000  64.291690  51.344 0.000
 64.291690  64.333299  51.940 0.000
 64.333299  64.375000  54.287 0.000
 64.375000  64.416690  56.204 0.000
 64.416690  64.458299  52.024 0.000
 64.458299  64.500000  51.340 0.000
 64.500000  64.541690  50.229 0.000
 64.541690  64.583299  43.490 0.000
 64.583299  64.625000  30.835 0.000
 64.625000  64.666690  24.914 0.000
 64.666690  64.708299  36.995 0.000
 64.708299  64.750000  39.102 0.000
 64.750000  64.791690  40.950 0.000
 64.791690  64.833299  44.944 0.000
 64.833299  64.875000  49.119 0.000
 64.875000  64.916690  51.666 0.000
 64.916690  64.958299  54.923 0.000
 64.958299  65.000000  55.529 0.000
 65.000000  65.041690  51.338 0.000
 65.041690  65.083299  54.895 0.000
 65.083299  65.125000  57.751 0.000
 65.125000  65.166690 999.999 0.456
 65.166690  65.208299  53.987 0.000
 65.208299  65.250000  52.086 0.000
 65.250000  65.291690 999.999 0.456
 65.291690  65.333299  52.850 0.000
 65.333299  65.375000  54.347 0.000
 65.375000  65.416690  54.285 0.000
 65.416690  65.458299  52.934 0.000
 65.458299  65.500000  52.660 0.000
 65.500000  65.541690  49.669 0.000
 65.541690  65.583299  47.698 0.000
 65.583299  65.625000  46.967 0.000
 65.625000  65.666690  50.021 0.000
 65.666690  65.708299  50.789 0.000
 65.708299  65.750000  49.557 0.000
 65.750000  65.791690  50.185 0.000
 65.791690  65.833299  52.620 0.000
 65.833299  65.875000  61.513 0.000
 65.875000  65.916690  66.169 0.000
 65.916690  65.958299  62.729 0.000
 65.958299  66.000000  57.517 0.000
 66.000000  66.041690  57.135 0.000
 66.041690  66.083299 999.999 0.456
 66.083299  66.125000  65.097 0.000
 66.125000  66.166690  65.883 0.000
 66.166690  66.208299 999.999 0.456
 66.208299  66.250000  71.686 0.000
 66.250000  66.291690  74.493 0.000
 66.291690  66.333299  76.168 0.000
 66.333299  66.375000  77.035 0.000
 66.375000  66.416690  78.543 0.000
 66.416690  66.458299  78.241 0.000
 66.458299  66.500000  79.626 0.000
 66.500000  66.541690  79.344 0.000
 66.541690  66.583299  80.022 0.000
 66.583299  66.625000  78.091 0.000
 66.625000  66.666690  80.356 0.000
 66.666690  66.708299  81.513 0.000
 66.708299  66.750000  82.531 0.000
 66.750000  66.791690  83.148 0.000
 66.791690  66.833299  81.855 0.000
 66.833299  66.875000  83.142 0.000
 66.875000  66.916690  79.672 0.000
 66.916690  66.958299  77.201 0.000
 66.958299  67.000000  75.838 0.000
 67.000000  67.041690  71.928 0.000
 67.041690  67.083299  75.444 0.000
 67.083299  67.125000 999.999 0.456
 67.125000  67.166690  80.756 0.000
 67.166690  67.208299  76.416 0.000
 67.208299  67.250000 999.999 0.456
 67.250000  67.291690  74.522 0.000
 67.291690  67.333299  71.944 0.000
 67.333299  67.375000  77.313 0.000
 67.375000  67.416690  71.887 0.000
 67.416690  67.458299  65.461 0.000
 67.458299  67.500000  71.540 0.000
 67.500000  67.541690  74.490 0.000
 67.541690  67.583299  79.818 0.000
 67.583299  67.625000  80.140 0.000
 67.625000  67.666690  72.925 0.000
 67.666690  67.708299  68.638 0.000
 67.708299  67.750000  84.132 0.000
 67.750000  67.791690  82.853 0.000
 67.791690  67.833299  83.724 0.000
 67.833299  67.875000 999.999 0.456
 67.875000  67.916690  83.646 0.000
 67.916690  67.958299  85.937 0.000
 67.958299  68.000000  86.759 0.000
 68.000000  68.041690  82.980 0.000
 68.041690  68.083299  76.306 0.000
 68.083299  68.125000  82.825 0.000
 68.125000  68.166690 999.999 0.456
 68.166690  68.208299 999.999 0.456
 68.208299  68.250000  78.535 0.000
 68.250000  68.291690  78.886 0.000
 68.291690  68.333299  75.199 0.000
 68.333299  68.375000  68.913 0.000
 68.375000  68.416690  72.523 0.000
 68.416690  68.458299  76.392 0.000
 68.458299  68.500000  73.624 0.000
 68.500000  68.541690  68.719 0.000
 68.541690  68.583299  67.489 0.000
 68.583299  68.625000  68.331 0.000
 68.625000  68.666690  68.552 0.000
 68.666690  68.708299  74.060 0.000
 68.708299  68.750000  75.521 0.000
 68.750000  68.791690  76.271 0.000
 68.791690  68.833299  68.507 0.000
 68.833299  68.875000  74.905 0.000
 68.875000  68.916690  73.736 0.000
 68.916690  68.958299  78.876 0.000
 68.958299  69.000000  79.485 0.000
 69.000000  69.041690  79.047 0.000
 69.041690  69.083299 999.999 0.456
 69.083299  69.125000  79.429 0.000
 69.125000  69.166690  76.982 0.000
 69.166690  69.208299  75.433 0.000
 69.208299  69.250000 999.999 0.456
 69.250000  69.291690  78.068 0.000
 69.291690  69.333299  72.937 0.000
 69.333299  69.375000  74.581 0.000
 69.375000  69.416690  76.176 0.000
 69.416690  69.458299  79.079 0.000
 69.458299  69.500000  78.256 0.000
 69.500000  69.541690  78.012 0.000
 69.541690  69.583299  78.387 0.000
 69.583299  69.625000  77.503 0.000
 69.625000  69.666690  77.338 0.000
 69.666690  69.708299  80.383 0.000
 69.708299  69.750000  81.768 0.000
 69.750000  69.791690  79.674 0.000
 69.791690  69.833299  80.500 0.000
 69.833299  69.875000  83.823 0.000
 69.875000  69.916690  83.219 0.000
 69.916690  69.958299  82.906 0.000
 69.958299  70.000000  83.800 0.000
 70.000000  70.041690  83.566 0.000
 70.041690  70.083299  82.852 0.000
 70.083299  70.125000 999.999 0.456
 70.125000  70.166690  83.213 0.000
 70.166690  70.208299  78.661 0.000
 70.208299  70.250000  82.805 0.000
 70.250000  70.291690 999.999 0.456
 70.291690  70.333299  80.375 0.000
 70.333299  70.375000  80.879 0.000
 70.375000  70.416690  81.014 0.000
 70.416690  70.458299  80.911 0.000
 70.458299  70.500000  80.556 0.000
 70.500000  70.541690  81.420 0.000
 70.541690  70.583299  81.306 0.000
 70.583299  70.625000  79.633 0.000
 70.625000  70.666690  79.328 0.000
 70.666690  70.708299  77.904 0.000
 70.708299  70.750000  81.778 0.000
 70.750000  70.791690  83.083 0.000
 70.791690  70.833299  79.909 0.000
 70.833299  70.875000  79.105 0.000
 70.875000  70.916690  82.230 0.000
 70.916690  70.958299  79.196 0.000
 70.958299  71.000000  82.620 0.000
 71.000000  71.041690  84.725 0.000
 71.041690  71.083299  80.823 0.000
 71.083299  71.125000  83.566 0.000
 71.125000  71.166690 999.999 0.456
 71.166690  71.208299 999.999 0.456
 71.208299  71.250000  83.057 0.000
 71.250000  71.291690  82.531 0.000
 71.291690  71.333299  80.376 0.000
 71.333299  71.375000  82.767 0.000
 71.375000  71.416690  82.361 0.000
 71.416690  71.458299  77.346 0.000
 71.458299  71.500000  75.030 0.000
 71.500000  71.541690  76.104 0.000
 71.541690  71.583299  77.435 0.000
 71.583299  71.625000  77.989 0.000
 71.625000  71.666690  79.741 0.000
 71.666690  71.708299  85.741 0.000
 71.708299  71.750000  86.615 0.000
 71.750000  71.791690  84.148 0.000
 71.791690  71.833299  83.792 0.000
 71.833299  71.875000  83.385 0.000
 71.875000  71.916690  85.677 0.000
 71.916690  71.958299  79.774 0.000
 71.958299  72.000000  79.456 0.000
 72.000000  72.041690  80.370 0.000
 72.041690  72.083299 999.999 0.456
 72.083299  72.125000  77.287 0.000
 72.125000  72.166690  78.641 0.000
 72.166690  72.208299  80.252 0.000
 72.208299  72.250000 999.999 0.456
 72.250000  72.291690  85.536 0.000
 72.291690  72.333299  85.719 0.000
 72.333299  72.375000  85.563 0.000
 72.375000  72.416690  81.047 0.000
 72.416690  72.458299  76.814 0.000
 72.458299  72.500000  78.486 0.000
 72.500000  72.541690  83.026 0.000
 72.541690  72.583299  80.702 0.000
 72.583299  72.625000  82.763 0.000
 72.625000  72.666690  81.427 0.000
 72.666690  72.708299  81.530 0.000
 72.708299  72.750000  82.443 0.000
 72.750000  72.791690  85.265 0.000
 72.791690  72.833299  85.037 0.000
 72.833299  72.875000  82.613 0.000
 72.875000  72.916690  83.965 0.000
 72.916690  72.958299  83.438 0.000
 72.958299  73.000000  85.321 0.000
 73.000000  73.041690  84.604 0.000
 73.041690  73.083299  85.377 0.000
 73.083299  73.125000 999.999 0.456
 73.125000  73.166690  83.324 0.000
 73.166690  73.208299  84.558 0.000
 73.208299  73.250000  86.259 0.000
 73.250000  73.291690 999.999 0.456
 73.291690  73.333299  85.440 0.000
 73.333299  73.375000  85.496 0.000
 73.375000  73.416690  85.433 0.000
 73.416690  73.458299  78.063 0.000
 73.458299  73.500000  83.747 0.000
 73.500000  73.541690  84.713 0.000
 73.541690  73.583299  80.561 0.000
 73.583299  73.625000  76.309 0.000
 73.625000  73.666690  77.465 0.000
 73.666690  73.708299  78.491 0.000
 73.708299  73.750000  78.388 0.000
 73.750000  73.791690  74.146 0.000
 73.791690  73.833299  72.553 0.000
 73.833299  73.875000  63.414 0.000
 73.875000  73.916690  73.685 0.000
 73.916690  73.958299  79.209 0.000
 73.958299  74.000000  77.086 0.000
 74.000000  74.041690  79.501 0.000
