ODEfiles/DK0010G08_15/DK0010G.20100101000000.20120420000000.uv_abs.ozone.air.1y.1h.DK01L_O3mon10.DK01L_UV_absorption..nas
45 1001
Kemp, Kaare
DK01L, National Environmental Research Institute, NERI, , "P.O.Box 358, Fredriksborgvei 399, DK-4000 Roskilde, Denmark", , , , 
Kemp, Kaare
AMAP EMEP GAW-WDCRG
1 1
2010 01 01 2012 04 20
0
days from file reference point
3
1 1 1
999.999999 999.999 9.999
end_time of measurement, days from the file reference point
ozone, ug/m3
numflag ozone, no unit
0
28
Data definition:              EBAS_1.1
Set type code:                TI
Timezone:                     UTC
File name:                    DK0010G.20100101000000.20120420000000.uv_abs.ozone.air.1y.1h.DK01L_O3mon10.DK01L_UV_absorption..nas
File creation:                20190910074041
Startdate:                    20100101000000
Revision date:                20120420000000
Statistics:                   arithmetic mean
Data level:                   
Period code:                  1y
Resolution code:              1h
Station code:                 DK0010G
Platform code:                DK0010S
Station name:                 Villum Research Station, Station Nord
Station latitude:             81.6
Station longitude:            -16.67
Station altitude:             20.0m
Regime:                       IMG
Component:                    ozone
Unit:                         ug/m3
Matrix:                       air
Instrument type:              uv_abs
Laboratory code:              DK01L
Instrument name:              O3mon10
Method ref:                   DK01L_UV_absorption
Originator:                   Kemp, Kaare, , , , , , , , , 
Submitter:                    Kemp, Kaare, , , , , , , , , 
starttime endtime O3 flag_O3
[from data line 2223]
 92.625000  92.666690  68.464 0.000
 92.666690  92.708299  68.404 0.000
 92.708299  92.750000  69.083 0.000
 92.750000  92.791690  72.742 0.000
 92.791690  92.833299  69.503 0.000
 92.833299  92.875000  64.826 0.000
 92.875000  92.916690  65.495 0.000
 92.916690  92.958299  69.513 0.000
 92.958299  93.000000  69.063 0.000
 93.000000  93.041690  70.643 0.000
 93.041690  93.083299  70.673 0.000
 93.083299  93.125000  74.841 0.000
 93.125000  93.166690 999.999 0.456
 93.166690  93.208299  77.249 0.000
 93.208299  93.250000  80.308 0.000
 93.250000  93.291690 999.999 0.456
 93.291690  93.333299  79.838 0.000
 93.333299  93.375000  76.920 0.000
 93.375000  93.416690  78.089 0.000
 93.416690  93.458299  77.349 0.000
 93.458299  93.500000  72.232 0.000
 93.500000  93.541690  74.581 0.000
 93.541690  93.583299  74.111 0.000
 93.583299  93.625000  77.099 0.000
 93.625000  93.666690  78.479 0.000
 93.666690  93.708299  76.530 0.000
 93.708299  93.750000  78.549 0.000
 93.750000  93.791690  81.207 0.000
 93.791690  93.833299  80.458 0.000
 93.833299  93.875000  81.017 0.000
 93.875000  93.916690  78.189 0.000
 93.916690  93.958299  78.459 0.000
 93.958299  94.000000  78.279 0.000
 94.000000  94.041690  82.237 0.000
 94.041690  94.083299 999.999 0.456
 94.083299  94.125000  83.676 0.000
 94.125000  94.166690  83.396 0.000
 94.166690  94.208299 999.999 0.456
 94.208299  94.250000  84.436 0.000
 94.250000  94.291690  83.746 0.000
 94.291690  94.333299  83.386 0.000
 94.333299  94.375000  83.266 0.000
 94.375000  94.416690  82.507 0.000
 94.416690  94.458299  80.708 0.000
 94.458299  94.500000  80.598 0.000
 94.500000  94.541690  80.168 0.000
 94.541690  94.583299  80.218 0.000
 94.583299  94.625000  80.678 0.000
 94.625000  94.666690  80.538 0.000
 94.666690  94.708299  81.327 0.000
 94.708299  94.750000  82.027 0.000
 94.750000  94.791690  82.647 0.000
 94.791690  94.833299  83.436 0.000
 94.833299  94.875000  84.496 0.000
 94.875000  94.916690  82.907 0.000
 94.916690  94.958299  80.518 0.000
 94.958299  95.000000  80.928 0.000
 95.000000  95.041690  81.857 0.000
 95.041690  95.083299  83.006 0.000
 95.083299  95.125000 999.999 0.456
 95.125000  95.166690  81.687 0.000
 95.166690  95.208299  65.035 0.000
 95.208299  95.250000 999.999 0.456
 95.250000  95.291690  64.056 0.000
 95.291690  95.333299  61.597 0.000
 95.333299  95.375000  67.404 0.000
 95.375000  95.416690  68.754 0.000
 95.416690  95.458299  72.832 0.000
 95.458299  95.500000  68.224 0.000
 95.500000  95.541690  77.259 0.000
 95.541690  95.583299  73.201 0.000
 95.583299  95.625000  74.831 0.000
 95.625000  95.666690  68.964 0.000
 95.666690  95.708299  71.042 0.000
 95.708299  95.750000  76.010 0.000
 95.750000  95.791690  73.261 0.000
 95.791690  95.833299  71.462 0.000
 95.833299  95.875000  79.388 0.000
 95.875000  95.916690  79.148 0.000
 95.916690  95.958299  82.007 0.000
 95.958299  96.000000  79.438 0.000
 96.000000  96.041690  82.367 0.000
 96.041690  96.083299  76.880 0.000
 96.083299  96.125000  73.121 0.000
 96.125000  96.166690 999.999 0.456
 96.166690  96.208299  84.476 0.000
 96.208299  96.250000  87.324 0.000
 96.250000  96.291690 999.999 0.456
 96.291690  96.333299  86.565 0.000
 96.333299  96.375000  82.357 0.000
 96.375000  96.416690  85.105 0.000
 96.416690  96.458299  85.825 0.000
 96.458299  96.500000  84.566 0.000
 96.500000  96.541690  81.967 0.000
 96.541690  96.583299  83.346 0.000
 96.583299  96.625000  82.297 0.000
 96.625000  96.666690  83.486 0.000
 96.666690  96.708299  87.104 0.000
 96.708299  96.750000  90.873 0.000
 96.750000  96.791690  91.042 0.000
 96.791690  96.833299  93.601 0.000
 96.833299  96.875000  94.321 0.000
 96.875000  96.916690  95.880 0.000
 96.916690  96.958299  95.860 0.000
 96.958299  97.000000  94.571 0.000
 97.000000  97.041690  94.001 0.000
 97.041690  97.083299 999.999 0.456
 97.083299  97.125000  92.822 0.000
 97.125000  97.166690  87.414 0.000
 97.166690  97.208299 999.999 0.456
 97.208299  97.250000  88.973 0.000
 97.250000  97.291690  87.074 0.000
 97.291690  97.333299  84.236 0.000
 97.333299  97.375000  83.366 0.000
 97.375000  97.416690  81.437 0.000
 97.416690  97.458299  77.419 0.000
 97.458299  97.500000  53.871 0.000
 97.500000  97.541690  42.417 0.000
 97.541690  97.583299  41.217 0.000
 97.583299  97.625000  45.315 0.000
 97.625000  97.666690  57.519 0.000
 97.666690  97.708299  48.484 0.000
 97.708299  97.750000  53.251 0.000
 97.750000  97.791690  66.275 0.000
 97.791690  97.833299 999.999 0.456
 97.833299  97.875000 999.999 0.456
 97.875000  97.916690  78.809 0.000
 97.916690  97.958299  78.889 0.000
 97.958299  98.000000  79.538 0.000
 98.000000  98.041690  81.057 0.000
 98.041690  98.083299  81.467 0.000
 98.083299  98.125000 999.999 0.456
 98.125000  98.166690  80.698 0.000
 98.166690  98.208299 999.999 0.456
 98.208299  98.250000  84.716 0.000
 98.250000  98.291690  83.336 0.000
 98.291690  98.333299  81.217 0.000
 98.333299  98.375000  85.385 0.000
 98.375000  98.416690  88.264 0.000
 98.416690  98.458299  84.326 0.000
 98.458299  98.500000  88.814 0.000
 98.500000  98.541690  84.186 0.000
 98.541690  98.583299  85.125 0.000
 98.583299  98.625000  82.187 0.000
 98.625000  98.666690  87.074 0.000
 98.666690  98.708299  83.906 0.000
 98.708299  98.750000  86.335 0.000
 98.750000  98.791690  77.199 0.000
 98.791690  98.833299  83.086 0.000
 98.833299  98.875000  83.566 0.000
 98.875000  98.916690  84.856 0.000
 98.916690  98.958299  87.554 0.000
 98.958299  99.000000  83.726 0.000
 99.000000  99.041690  82.267 0.000
 99.041690  99.083299 999.999 0.456
 99.083299  99.125000  84.186 0.000
 99.125000  99.166690  83.756 0.000
 99.166690  99.208299  84.526 0.000
 99.208299  99.250000 999.999 0.456
 99.250000  99.291690  81.357 0.000
 99.291690  99.333299  84.136 0.000
 99.333299  99.375000  87.174 0.000
 99.375000  99.416690  89.313 0.000
 99.416690  99.458299  88.724 0.000
 99.458299  99.500000  88.024 0.000
 99.500000  99.541690  88.034 0.000
 99.541690  99.583299  88.864 0.000
 99.583299  99.625000  90.313 0.000
 99.625000  99.666690  90.413 0.000
 99.666690  99.708299  90.303 0.000
 99.708299  99.750000  87.384 0.000
 99.750000  99.791690  79.058 0.000
 99.791690  99.833299  84.236 0.000
 99.833299  99.875000  90.313 0.000
 99.875000  99.916690  89.163 0.000
 99.916690  99.958299  91.582 0.000
 99.958299 100.000000  92.532 0.000
100.000000 100.041991  92.012 0.000
100.041991 100.082998  92.132 0.000
100.082998 100.125000 999.999 0.456
100.125000 100.166991  92.302 0.000
100.166991 100.207998 999.999 0.456
100.207998 100.250000  88.104 0.000
100.250000 100.291991  87.904 0.000
100.291991 100.332998  90.273 0.000
100.332998 100.375000  91.002 0.000
100.375000 100.416991  92.122 0.000
100.416991 100.457998  91.932 0.000
100.457998 100.500000  91.232 0.000
100.500000 100.541991  88.144 0.000
100.541991 100.582998  86.675 0.000
100.582998 100.625000  85.515 0.000
100.625000 100.666991  82.947 0.000
100.666991 100.707998  80.948 0.000
100.707998 100.750000  83.336 0.000
100.750000 100.791991  83.616 0.000
100.791991 100.832998  85.535 0.000
100.832998 100.875000  83.116 0.000
100.875000 100.916991  84.086 0.000
100.916991 100.957998  80.938 0.000
100.957998 101.000000  82.337 0.000
101.000000 101.041991  81.845 0.000
101.041991 101.082998 999.999 0.456
101.082998 101.125000  80.846 0.000
101.125000 101.166991  80.176 0.000
101.166991 101.207998  80.886 0.000
101.207998 101.250000 999.999 0.456
101.250000 101.291991  79.046 0.000
101.291991 101.332998  74.849 0.000
101.332998 101.375000  59.126 0.000
101.375000 101.416991  42.305 0.000
101.416991 101.457998  34.169 0.000
101.457998 101.500000  33.119 0.000
101.500000 101.541991  25.533 0.000
101.541991 101.582998  25.083 0.000
101.582998 101.625000  20.776 0.000
101.625000 101.666991  38.427 0.000
101.666991 101.707998  67.752 0.000
101.707998 101.750000  65.523 0.000
101.750000 101.791991  63.874 0.000
101.791991 101.832998  62.855 0.000
101.832998 101.875000  74.539 0.000
101.875000 101.916991  82.905 0.000
101.916991 101.957998  82.245 0.000
101.957998 102.000000  79.756 0.000
102.000000 102.041991  84.684 0.000
102.041991 102.082998  87.132 0.000
102.082998 102.125000 999.999 0.456
102.125000 102.166991  83.714 0.000
102.166991 102.207998  81.635 0.000
102.207998 102.250000  82.615 0.000
102.250000 102.291991 999.999 0.456
102.291991 102.332998  82.555 0.000
102.332998 102.375000  82.275 0.000
102.375000 102.416991  85.373 0.000
102.416991 102.457998  84.944 0.000
102.457998 102.500000  85.203 0.000
102.500000 102.541991  85.743 0.000
102.541991 102.582998  83.294 0.000
102.582998 102.625000  84.494 0.000
102.625000 102.666991  85.113 0.000
102.666991 102.707998  85.933 0.000
102.707998 102.750000  84.904 0.000
102.750000 102.791991  86.223 0.000
102.791991 102.832998  86.003 0.000
102.832998 102.875000  85.283 0.000
102.875000 102.916991  82.855 0.000
102.916991 102.957998  86.343 0.000
102.957998 103.000000  87.952 0.000
103.000000 103.041991  84.644 0.000
103.041991 103.082998  87.192 0.000
103.082998 103.125000  84.454 0.000
103.125000 103.166991 999.999 0.456
103.166991 103.207998 999.999 0.456
103.207998 103.250000  84.454 0.000
103.250000 103.291991  83.994 0.000
103.291991 103.332998  85.623 0.000
103.332998 103.375000  85.523 0.000
103.375000 103.416991  88.212 0.000
103.416991 103.457998  87.892 0.000
103.457998 103.500000  86.113 0.000
103.500000 103.541991  81.215 0.000
103.541991 103.582998  79.176 0.000
103.582998 103.625000  79.526 0.000
103.625000 103.666991  82.365 0.000
103.666991 103.707998  85.283 0.000
103.707998 103.750000  86.883 0.000
103.750000 103.791991  82.215 0.000
103.791991 103.832998  83.404 0.000
103.832998 103.875000  81.405 0.000
103.875000 103.916991  79.306 0.000
103.916991 103.957998  79.326 0.000
103.957998 104.000000  78.187 0.000
104.000000 104.041991  78.247 0.000
104.041991 104.082998 999.999 0.456
104.082998 104.125000  76.858 0.000
104.125000 104.166991  76.568 0.000
104.166991 104.207998  77.157 0.000
104.207998 104.250000 999.999 0.456
104.250000 104.291991  82.345 0.000
104.291991 104.332998  81.375 0.000
104.332998 104.375000  79.396 0.000
104.375000 104.416991  81.895 0.000
104.416991 104.457998  79.246 0.000
104.457998 104.500000  77.797 0.000
104.500000 104.541991  78.397 0.000
104.541991 104.582998  77.967 0.000
104.582998 104.625000  78.767 0.000
104.625000 104.666991  80.726 0.000
104.666991 104.707998  80.646 0.000
104.707998 104.750000  80.746 0.000
104.750000 104.791991  81.115 0.000
104.791991 104.832998  82.775 0.000
104.832998 104.875000  83.674 0.000
104.875000 104.916991  83.154 0.000
104.916991 104.957998  84.234 0.000
104.957998 105.000000  82.775 0.000
105.000000 105.041991  85.223 0.000
105.041991 105.082998  85.753 0.000
105.082998 105.125000 999.999 0.456
105.125000 105.166991  85.173 0.000
105.166991 105.207998  84.824 0.000
105.207998 105.250000  85.553 0.000
105.250000 105.291991 999.999 0.456
105.291991 105.332998  82.065 0.000
105.332998 105.375000  81.045 0.000
105.375000 105.416991  82.105 0.000
105.416991 105.457998  83.814 0.000
105.457998 105.500000  84.264 0.000
105.500000 105.541991  83.934 0.000
105.541991 105.582998 999.999 0.456
105.582998 105.625000 999.999 0.456
105.625000 105.666991  82.875 0.000
105.666991 105.707998  78.477 0.000
105.707998 105.750000  79.866 0.000
105.750000 105.791991  82.575 0.000
105.791991 105.832998  88.292 0.000
105.832998 105.875000  89.991 0.000
105.875000 105.916991  89.141 0.000
105.916991 105.957998  87.912 0.000
105.957998 106.000000  88.712 0.000
106.000000 106.041991  88.282 0.000
106.041991 106.082998  89.351 0.000
106.082998 106.125000  89.911 0.000
106.125000 106.166991 999.999 0.456
106.166991 106.207998 999.999 0.456
106.207998 106.250000 999.999 0.456
106.250000 106.291991  88.762 0.000
106.291991 106.332998  87.932 0.000
106.332998 106.375000  87.912 0.000
106.375000 106.416991  87.332 0.000
106.416991 106.457998  86.853 0.000
106.457998 106.500000  86.223 0.000
106.500000 106.541991  86.123 0.000
106.541991 106.582998  86.563 0.000
106.582998 106.625000  85.473 0.000
106.625000 106.666991  86.972 0.000
106.666991 106.707998  85.443 0.000
106.707998 106.750000  83.334 0.000
106.750000 106.791991  78.427 0.000
106.791991 106.832998  74.959 0.000
106.832998 106.875000  72.780 0.000
106.875000 106.916991  75.738 0.000
106.916991 106.957998  76.548 0.000
106.957998 107.000000  77.927 0.000
107.000000 107.041991  78.097 0.000
107.041991 107.082998 999.999 0.456
107.082998 107.125000  80.216 0.000
107.125000 107.166991  79.716 0.000
107.166991 107.207998  82.365 0.000
107.207998 107.250000 999.999 0.456
107.250000 107.291991  81.995 0.000
107.291991 107.332998  83.494 0.000
107.332998 107.375000  82.705 0.000
107.375000 107.416991  81.775 0.000
107.416991 107.457998  80.816 0.000
107.457998 107.500000  79.986 0.000
107.500000 107.541991  78.986 0.000
107.541991 107.582998  79.256 0.000
107.582998 107.625000  80.086 0.000
107.625000 107.666991  81.185 0.000
107.666991 107.707998  78.947 0.000
107.707998 107.750000  77.237 0.000
107.750000 107.791991  78.217 0.000
107.791991 107.832998  77.397 0.000
107.832998 107.875000  80.576 0.000
107.875000 107.916991  77.167 0.000
107.916991 107.957998  76.908 0.000
107.957998 108.000000  73.819 0.000
108.000000 108.041991  73.039 0.000
108.041991 108.082998 999.999 0.456
108.082998 108.125000  74.459 0.000
108.125000 108.166991  74.859 0.000
108.166991 108.207998 999.999 0.456
108.207998 108.250000  72.120 0.000
108.250000 108.291991  71.190 0.000
108.291991 108.332998  72.510 0.000
108.332998 108.375000  71.400 0.000
108.375000 108.416991  70.281 0.000
108.416991 108.457998  70.441 0.000
108.457998 108.500000  70.801 0.000
108.500000 108.541991  70.511 0.000
108.541991 108.582998  69.651 0.000
108.582998 108.625000 999.999 0.456
108.625000 108.666991 999.999 0.456
108.666991 108.707998  67.292 0.000
108.707998 108.750000  67.532 0.000
108.750000 108.791991  68.252 0.000
108.791991 108.832998  69.111 0.000
108.832998 108.875000  69.171 0.000
108.875000 108.916991  72.290 0.000
108.916991 108.957998  74.059 0.000
108.957998 109.000000  74.269 0.000
109.000000 109.041991  72.700 0.000
109.041991 109.082998  68.312 0.000
109.082998 109.125000 999.999 0.456
109.125000 109.166991  67.852 0.000
109.166991 109.207998  66.573 0.000
109.207998 109.250000 999.999 0.456
109.250000 109.291991  71.660 0.000
109.291991 109.332998  73.629 0.000
109.332998 109.375000  73.269 0.000
109.375000 109.416991  66.723 0.000
109.416991 109.457998  70.781 0.000
109.457998 109.500000  70.001 0.000
109.500000 109.541991  68.102 0.000
109.541991 109.582998  66.603 0.000
109.582998 109.625000  67.992 0.000
109.625000 109.666991  69.361 0.000
109.666991 109.707998  69.251 0.000
109.707998 109.750000  69.251 0.000
109.750000 109.791991  70.261 0.000
109.791991 109.832998  69.951 0.000
109.832998 109.875000  68.222 0.000
109.875000 109.916991  70.911 0.000
109.916991 109.957998  70.771 0.000
109.957998 110.000000  70.621 0.000
110.000000 110.041991  69.321 0.000
110.041991 110.082998  53.619 0.000
110.082998 110.125000  11.230 0.000
110.125000 110.166991 999.999 0.456
110.166991 110.207998  12.830 0.000
110.207998 110.250000  27.322 0.000
110.250000 110.291991 999.999 0.456
110.291991 110.332998  60.046 0.000
110.332998 110.375000  61.585 0.000
110.375000 110.416991  62.465 0.000
110.416991 110.457998  62.945 0.000
110.457998 110.500000  63.564 0.000
110.500000 110.541991  62.715 0.000
110.541991 110.582998  64.334 0.000
110.582998 110.625000  65.623 0.000
110.625000 110.666991  66.483 0.000
110.666991 110.707998  66.763 0.000
110.707998 110.750000  69.291 0.000
110.750000 110.791991  70.391 0.000
110.791991 110.832998  70.811 0.000
110.832998 110.875000  72.999 0.000
110.875000 110.916991  73.729 0.000
110.916991 110.957998  74.709 0.000
110.957998 111.000000  74.089 0.000
111.000000 111.041991  60.186 0.000
111.041991 111.082998 999.999 0.456
