ODEfiles/DK0010G08_15/DK0010G.20120101000000.20140320000000.uv_abs.ozone.air.1y.1h.DK01L_O3mon10.DK01L_UV_absorption..nas
45 1001
Keller, Rune
DK01L, National Environmental Research Institute, NERI, , "P.O.Box 358, Fredriksborgvei 399, DK-4000 Roskilde, Denmark", , , , 
Keller, Rune
AMAP EMEP GAW-WDCRG
1 1
2012 01 01 2014 03 20
0
days from file reference point
3
1 1 1
999.999999 999.999 9.999
end_time of measurement, days from the file reference point
ozone, ug/m3
numflag ozone, no unit
0
28
Data definition:              EBAS_1.1
Set type code:                TI
Timezone:                     UTC
File name:                    DK0010G.20120101000000.20140320000000.uv_abs.ozone.air.1y.1h.DK01L_O3mon10.DK01L_UV_absorption..nas
File creation:                20190910074042
Startdate:                    20120101000000
Revision date:                20140320000000
Statistics:                   arithmetic mean
Data level:                   
Period code:                  1y
Resolution code:              1h
Station code:                 DK0010G
Platform code:                DK0010S
Station name:                 Villum Research Station, Station Nord
Station latitude:             81.6
Station longitude:            -16.67
Station altitude:             20.0m
Regime:                       IMG
Component:                    ozone
Unit:                         ug/m3
Matrix:                       air
Instrument type:              uv_abs
Laboratory code:              DK01L
Instrument name:              O3mon10
Method ref:                   DK01L_UV_absorption
Originator:                   Keller, Rune, , , , , , , , , 
Submitter:                    Keller, Rune, , , , , , , , , 
starttime endtime O3 flag_O3
[from data line 6667]
277.791991 277.832998  55.022 0.000
277.832998 277.875000  56.242 0.000
277.875000 277.916991  56.522 0.000
277.916991 277.957998  55.812 0.000
277.957998 278.000000  55.862 0.000
278.000000 278.041991  55.762 0.000
278.041991 278.082998  55.602 0.000
278.082998 278.125000 999.999 0.999
278.125000 278.166991  56.062 0.000
278.166991 278.207998  56.482 0.000
278.207998 278.250000 999.999 0.999
278.250000 278.291991  57.631 0.000
278.291991 278.332998  57.691 0.000
278.332998 278.375000  57.351 0.000
278.375000 278.416991  58.271 0.000
278.416991 278.457998  58.931 0.000
278.457998 278.500000  58.341 0.000
278.500000 278.541991  60.140 0.000
278.541991 278.582998  60.860 0.000
278.582998 278.625000  60.550 0.000
278.625000 278.666991  63.936 0.000
278.666991 278.707998  62.457 0.000
278.707998 278.750000  63.496 0.000
278.750000 278.791991  63.976 0.000
278.791991 278.832998  64.196 0.000
278.832998 278.875000  65.545 0.000
278.875000 278.916991  65.425 0.000
278.916991 278.957998  64.646 0.000
278.957998 279.000000  67.774 0.000
279.000000 279.041991  68.704 0.000
279.041991 279.082998  69.443 0.000
279.082998 279.125000  71.032 0.000
279.125000 279.166991 999.999 0.999
279.166991 279.207998  70.383 0.000
279.207998 279.250000  71.022 0.000
279.250000 279.291991 999.999 0.999
279.291991 279.332998  67.334 0.000
279.332998 279.375000  67.514 0.000
279.375000 279.416991  66.895 0.000
279.416991 279.457998  65.585 0.000
279.457998 279.500000  65.295 0.000
279.500000 279.541991  65.805 0.000
279.541991 279.582998  65.585 0.000
279.582998 279.625000  65.164 0.000
279.625000 279.666991  65.003 0.000
279.666991 279.707998  65.283 0.000
279.707998 279.750000  66.563 0.000
279.750000 279.791991  66.443 0.000
279.791991 279.832998  66.813 0.000
279.832998 279.875000  65.683 0.000
279.875000 279.916991  65.743 0.000
279.916991 279.957998  65.913 0.000
279.957998 280.000000  65.863 0.000
280.000000 280.041991  66.493 0.000
280.041991 280.082998 999.999 0.999
280.082998 280.125000  67.082 0.000
280.125000 280.166991  67.982 0.000
280.166991 280.207998 999.999 0.999
280.207998 280.250000  68.722 0.000
280.250000 280.291991  68.682 0.000
280.291991 280.332998  68.052 0.000
280.332998 280.375000  67.212 0.000
280.375000 280.416991 999.999 0.999
280.416991 280.457998 999.999 0.999
280.457998 280.500000 999.999 0.999
280.500000 280.541991 999.999 0.999
280.541991 280.582998 999.999 0.999
280.582998 280.625000 999.999 0.999
280.625000 280.666991 999.999 0.999
280.666991 280.707998 999.999 0.999
280.707998 280.750000 999.999 0.999
280.750000 280.791991 999.999 0.999
280.791991 280.832998 999.999 0.999
280.832998 280.875000 999.999 0.999
280.875000 280.916991 999.999 0.999
280.916991 280.957998 999.999 0.999
280.957998 281.000000 999.999 0.999
281.000000 281.041991 999.999 0.999
281.041991 281.082998 999.999 0.999
281.082998 281.125000 999.999 0.999
281.125000 281.166991 999.999 0.999
281.166991 281.207998 999.999 0.999
281.207998 281.250000 999.999 0.999
281.250000 281.291991 999.999 0.999
281.291991 281.332998 999.999 0.999
281.332998 281.375000 999.999 0.999
281.375000 281.416991 999.999 0.999
281.416991 281.457998 999.999 0.999
281.457998 281.500000  64.872 0.000
281.500000 281.541991  65.090 0.000
281.541991 281.582998  63.470 0.000
281.582998 281.625000  62.271 0.000
281.625000 281.666991  63.090 0.000
281.666991 281.707998  63.290 0.000
281.707998 281.750000  63.770 0.000
281.750000 281.791991  63.200 0.000
281.791991 281.832998  62.441 0.000
281.832998 281.875000  62.591 0.000
281.875000 281.916991  62.461 0.000
281.916991 281.957998  62.001 0.000
281.957998 282.000000  60.932 0.000
282.000000 282.041991  62.241 0.000
282.041991 282.082998  63.340 0.000
282.082998 282.125000 999.999 0.999
282.125000 282.166991  63.980 0.000
282.166991 282.207998  64.220 0.000
282.207998 282.250000 999.999 0.999
282.250000 282.291991  63.240 0.000
282.291991 282.332998  62.801 0.000
282.332998 282.375000  62.701 0.000
282.375000 282.416991  62.990 0.000
282.416991 282.457998  61.811 0.000
282.457998 282.500000  61.811 0.000
282.500000 282.541991  61.619 0.000
282.541991 282.582998  61.859 0.000
282.582998 282.625000  61.879 0.000
282.625000 282.666991  60.950 0.000
282.666991 282.707998  61.469 0.000
282.707998 282.750000  61.589 0.000
282.750000 282.791991  60.800 0.000
282.791991 282.832998  60.500 0.000
282.832998 282.875000  61.519 0.000
282.875000 282.916991  61.959 0.000
282.916991 282.957998  62.359 0.000
282.957998 283.000000  61.959 0.000
283.000000 283.041991  62.389 0.000
283.041991 283.082998  63.278 0.000
283.082998 283.125000  63.378 0.000
283.125000 283.166991 999.999 0.999
283.166991 283.207998  63.048 0.000
283.207998 283.250000  63.228 0.000
283.250000 283.291991 999.999 0.999
283.291991 283.332998  62.589 0.000
283.332998 283.375000  62.139 0.000
283.375000 283.416991  61.779 0.000
283.416991 283.457998  62.079 0.000
283.457998 283.500000  62.687 0.000
283.500000 283.541991  62.437 0.000
283.541991 283.582998  63.106 0.000
283.582998 283.625000  64.046 0.000
283.625000 283.666991  64.166 0.000
283.666991 283.707998  63.846 0.000
283.707998 283.750000  63.846 0.000
283.750000 283.791991  63.886 0.000
283.791991 283.832998  63.806 0.000
283.832998 283.875000  63.556 0.000
283.875000 283.916991  63.426 0.000
283.916991 283.957998  64.136 0.000
283.957998 284.000000  64.306 0.000
284.000000 284.041991  64.706 0.000
284.041991 284.082998 999.999 0.999
284.082998 284.125000  65.195 0.000
284.125000 284.166991  65.075 0.000
284.166991 284.207998 999.999 0.999
284.207998 284.250000  65.455 0.000
284.250000 284.291991  64.776 0.000
284.291991 284.332998  65.485 0.000
284.332998 284.375000  66.075 0.000
284.375000 284.416991  65.435 0.000
284.416991 284.457998  67.473 0.000
284.457998 284.500000  68.712 0.000
284.500000 284.541991  68.472 0.000
284.541991 284.582998  68.981 0.000
284.582998 284.625000  69.191 0.000
284.625000 284.666991  69.001 0.000
284.666991 284.707998  69.061 0.000
284.707998 284.750000  69.351 0.000
284.750000 284.791991  69.371 0.000
284.791991 284.832998  67.302 0.000
284.832998 284.875000  66.893 0.000
284.875000 284.916991  66.793 0.000
284.916991 284.957998  66.703 0.000
284.957998 285.000000  67.192 0.000
285.000000 285.041991  66.992 0.000
285.041991 285.082998  66.943 0.000
285.082998 285.125000 999.999 0.999
285.125000 285.166991  66.323 0.000
285.166991 285.207998  67.562 0.000
285.207998 285.250000 999.999 0.999
285.250000 285.291991  68.652 0.000
285.291991 285.332998  68.522 0.000
285.332998 285.375000  69.151 0.000
285.375000 285.416991  70.480 0.000
285.416991 285.457998 999.999 0.999
285.457998 285.500000 999.999 0.999
285.500000 285.541991 999.999 0.999
285.541991 285.582998  70.149 0.000
285.582998 285.625000  66.071 0.000
285.625000 285.666991  66.031 0.000
285.666991 285.707998  64.452 0.000
285.707998 285.750000  66.831 0.000
285.750000 285.791991  65.191 0.000
285.791991 285.832998  67.040 0.000
285.832998 285.875000  66.841 0.000
285.875000 285.916991  66.651 0.000
285.916991 285.957998  66.970 0.000
285.957998 286.000000  66.891 0.000
286.000000 286.041991  65.791 0.000
286.041991 286.082998  66.251 0.000
286.082998 286.125000  66.101 0.000
286.125000 286.166991 999.999 0.999
286.166991 286.207998  68.070 0.000
286.207998 286.250000  67.770 0.000
286.250000 286.291991 999.999 0.999
286.291991 286.332998  68.220 0.000
286.332998 286.375000  67.229 0.000
286.375000 286.416991  67.308 0.000
286.416991 286.457998  67.488 0.000
286.457998 286.500000  64.860 0.000
286.500000 286.541991  66.629 0.000
286.541991 286.582998  66.929 0.000
286.582998 286.625000  66.659 0.000
286.625000 286.666991  67.148 0.000
286.666991 286.707998  67.518 0.000
286.707998 286.750000  67.678 0.000
286.750000 286.791991  67.538 0.000
286.791991 286.832998  69.037 0.000
286.832998 286.875000  71.526 0.000
286.875000 286.916991  69.287 0.000
286.916991 286.957998  69.227 0.000
286.957998 287.000000  69.817 0.000
287.000000 287.041991  69.467 0.000
287.041991 287.082998 999.999 0.999
287.082998 287.125000  69.397 0.000
287.125000 287.166991  69.477 0.000
287.166991 287.207998 999.999 0.999
287.207998 287.250000  69.947 0.000
287.250000 287.291991  70.887 0.000
287.291991 287.332998  71.086 0.000
287.332998 287.375000  71.294 0.000
287.375000 287.416991  70.925 0.000
287.416991 287.457998  70.905 0.000
287.457998 287.500000  71.694 0.000
287.500000 287.541991  71.674 0.000
287.541991 287.582998  72.094 0.000
287.582998 287.625000  72.434 0.000
287.625000 287.666991  72.134 0.000
287.666991 287.707998  72.374 0.000
287.707998 287.750000  72.214 0.000
287.750000 287.791991  72.434 0.000
287.791991 287.832998  72.244 0.000
287.832998 287.875000  71.474 0.000
287.875000 287.916991  70.805 0.000
287.916991 287.957998  70.875 0.000
287.957998 288.000000  70.895 0.000
288.000000 288.041991  71.034 0.000
288.041991 288.082998 999.999 0.999
288.082998 288.125000  70.965 0.000
288.125000 288.166991  70.815 0.000
288.166991 288.207998 999.999 0.999
288.207998 288.250000  71.894 0.000
288.250000 288.291991  71.804 0.000
288.291991 288.332998  72.232 0.000
288.332998 288.375000  71.962 0.000
288.375000 288.416991  71.792 0.000
288.416991 288.457998  72.022 0.000
288.457998 288.500000  70.893 0.000
288.500000 288.541991  70.133 0.000
288.541991 288.582998  70.313 0.000
288.582998 288.625000  70.233 0.000
288.625000 288.666991  71.752 0.000
288.666991 288.707998  71.622 0.000
288.707998 288.750000  70.453 0.000
288.750000 288.791991  69.913 0.000
288.791991 288.832998  69.243 0.000
288.832998 288.875000  67.194 0.000
288.875000 288.916991  69.153 0.000
288.916991 288.957998  69.633 0.000
288.957998 289.000000  70.283 0.000
289.000000 289.041991  70.903 0.000
289.041991 289.082998  70.033 0.000
289.082998 289.125000 999.999 0.999
289.125000 289.166991  70.972 0.000
289.166991 289.207998  70.603 0.000
289.207998 289.250000 999.999 0.999
289.250000 289.291991  70.531 0.000
289.291991 289.332998  68.602 0.000
289.332998 289.375000  68.522 0.000
289.375000 289.416991  69.991 0.000
289.416991 289.457998  70.141 0.000
289.457998 289.500000  70.061 0.000
289.500000 289.541991  69.681 0.000
289.541991 289.582998  68.702 0.000
289.582998 289.625000  69.061 0.000
289.625000 289.666991  70.231 0.000
289.666991 289.707998  69.261 0.000
289.707998 289.750000  68.981 0.000
289.750000 289.791991  68.892 0.000
289.791991 289.832998  69.101 0.000
289.832998 289.875000  68.622 0.000
289.875000 289.916991  68.662 0.000
289.916991 289.957998  69.541 0.000
289.957998 290.000000  70.301 0.000
290.000000 290.041991  70.421 0.000
290.041991 290.082998  70.881 0.000
290.082998 290.125000  71.430 0.000
290.125000 290.166991 999.999 0.999
290.166991 290.207998  71.190 0.000
290.207998 290.250000  71.629 0.000
290.250000 290.291991 999.999 0.999
290.291991 290.332998  70.309 0.000
290.332998 290.375000  69.799 0.000
290.375000 290.416991  69.429 0.000
290.416991 290.457998  66.151 0.000
290.457998 290.500000  65.671 0.000
290.500000 290.541991  65.101 0.000
290.541991 290.582998  65.881 0.000
290.582998 290.625000  65.461 0.000
290.625000 290.666991  65.241 0.000
290.666991 290.707998  66.071 0.000
290.707998 290.750000  66.851 0.000
290.750000 290.791991  66.611 0.000
290.791991 290.832998  66.091 0.000
290.832998 290.875000  66.461 0.000
290.875000 290.916991  67.210 0.000
290.916991 290.957998  68.610 0.000
290.957998 291.000000  68.500 0.000
291.000000 291.041991  68.460 0.000
291.041991 291.082998 999.999 0.999
291.082998 291.125000  68.100 0.000
291.125000 291.166991  67.890 0.000
291.166991 291.207998 999.999 0.999
291.207998 291.250000  68.318 0.000
291.250000 291.291991  65.589 0.000
291.291991 291.332998  64.460 0.000
291.332998 291.375000  62.431 0.000
291.375000 291.416991  63.850 0.000
291.416991 291.457998  62.491 0.000
291.457998 291.500000  60.062 0.000
291.500000 291.541991  59.842 0.000
291.541991 291.582998  62.291 0.000
291.582998 291.625000  62.990 0.000
291.625000 291.666991  62.871 0.000
291.666991 291.707998  63.220 0.000
291.707998 291.750000  63.070 0.000
291.750000 291.791991  63.350 0.000
291.791991 291.832998  64.120 0.000
291.832998 291.875000  64.979 0.000
291.875000 291.916991  63.810 0.000
291.916991 291.957998  63.950 0.000
291.957998 292.000000  64.340 0.000
292.000000 292.041991  64.370 0.000
292.041991 292.082998  64.610 0.000
292.082998 292.125000 999.999 0.999
292.125000 292.166991  64.909 0.000
292.166991 292.207998  64.778 0.000
292.207998 292.250000 999.999 0.999
292.250000 292.291991  67.566 0.000
292.291991 292.332998  67.796 0.000
292.332998 292.375000  68.666 0.000
292.375000 292.416991  69.025 0.000
292.416991 292.457998  69.925 0.000
292.457998 292.500000  69.945 0.000
292.500000 292.541991  70.275 0.000
292.541991 292.582998  69.895 0.000
292.582998 292.625000  69.925 0.000
292.625000 292.666991  69.415 0.000
292.666991 292.707998  68.706 0.000
292.707998 292.750000  68.975 0.000
292.750000 292.791991  69.135 0.000
292.791991 292.832998  68.876 0.000
292.832998 292.875000  69.435 0.000
292.875000 292.916991  69.075 0.000
292.916991 292.957998  67.626 0.000
292.957998 293.000000  67.736 0.000
293.000000 293.041991  67.746 0.000
293.041991 293.082998  68.596 0.000
293.082998 293.125000  68.776 0.000
293.125000 293.166991 999.999 0.999
293.166991 293.207998  68.594 0.000
293.207998 293.250000  68.534 0.000
293.250000 293.291991 999.999 0.999
293.291991 293.332998  69.333 0.000
293.332998 293.375000  69.303 0.000
293.375000 293.416991  69.373 0.000
293.416991 293.457998  69.693 0.000
293.457998 293.500000  69.653 0.000
293.500000 293.541991  69.923 0.000
293.541991 293.582998  70.283 0.000
293.582998 293.625000  70.543 0.000
293.625000 293.666991  70.123 0.000
293.666991 293.707998  69.893 0.000
293.707998 293.750000  69.883 0.000
293.750000 293.791991  69.853 0.000
293.791991 293.832998  70.543 0.000
293.832998 293.875000  70.503 0.000
293.875000 293.916991  69.823 0.000
293.916991 293.957998  69.493 0.000
293.957998 294.000000  69.993 0.000
294.000000 294.041991  69.323 0.000
294.041991 294.082998 999.999 0.999
294.082998 294.125000  69.511 0.000
294.125000 294.166991  68.971 0.000
294.166991 294.207998 999.999 0.999
294.207998 294.250000  69.651 0.000
294.250000 294.291991  69.461 0.000
294.291991 294.332998  69.111 0.000
294.332998 294.375000  68.542 0.000
294.375000 294.416991  68.632 0.000
294.416991 294.457998  66.853 0.000
294.457998 294.500000  66.503 0.000
294.500000 294.541991  66.513 0.000
294.541991 294.582998  65.853 0.000
294.582998 294.625000  62.965 0.000
294.625000 294.666991  62.865 0.000
294.666991 294.707998  61.265 0.000
294.707998 294.750000  61.275 0.000
294.750000 294.791991  61.255 0.000
294.791991 294.832998  60.966 0.000
294.832998 294.875000  60.936 0.000
294.875000 294.916991  60.306 0.000
294.916991 294.957998  61.185 0.000
294.957998 295.000000  62.715 0.000
295.000000 295.041991  63.054 0.000
295.041991 295.082998  65.072 0.000
295.082998 295.125000 999.999 0.999
295.125000 295.166991  64.012 0.000
295.166991 295.207998  64.652 0.000
295.207998 295.250000 999.999 0.999
295.250000 295.291991  64.072 0.000
295.291991 295.332998  64.872 0.000
295.332998 295.375000  64.122 0.000
295.375000 295.416991  64.822 0.000
295.416991 295.457998  66.121 0.000
295.457998 295.500000  66.201 0.000
295.500000 295.541991  65.271 0.000
295.541991 295.582998  65.741 0.000
295.582998 295.625000  66.671 0.000
295.625000 295.666991  66.691 0.000
295.666991 295.707998  66.451 0.000
295.707998 295.750000  67.170 0.000
295.750000 295.791991  67.390 0.000
295.791991 295.832998  68.400 0.000
295.832998 295.875000  68.710 0.000
295.875000 295.916991  68.890 0.000
295.916991 295.957998  70.079 0.000
295.957998 296.000000  71.718 0.000
296.000000 296.041991  72.587 0.000
296.041991 296.082998  70.957 0.000
296.082998 296.125000  70.147 0.000
296.125000 296.166991 999.999 0.999
296.166991 296.207998  68.428 0.000
296.207998 296.250000  67.088 0.000
296.250000 296.291991 999.999 0.999
