ODEfiles/DK0010G08_15/DK0010G.20120101000000.20140320000000.uv_abs.ozone.air.1y.1h.DK01L_O3mon10.DK01L_UV_absorption..nas
45 1001
Keller, Rune
DK01L, National Environmental Research Institute, NERI, , "P.O.Box 358, Fredriksborgvei 399, DK-4000 Roskilde, Denmark", , , , 
Keller, Rune
AMAP EMEP GAW-WDCRG
1 1
2012 01 01 2014 03 20
0
days from file reference point
3
1 1 1
999.999999 999.999 9.999
end_time of measurement, days from the file reference point
ozone, ug/m3
numflag ozone, no unit
0
28
Data definition:              EBAS_1.1
Set type code:                TI
Timezone:                     UTC
File name:                    DK0010G.20120101000000.20140320000000.uv_abs.ozone.air.1y.1h.DK01L_O3mon10.DK01L_UV_absorption..nas
File creation:                20190910074042
Startdate:                    20120101000000
Revision date:                20140320000000
Statistics:                   arithmetic mean
Data level:                   
Period code:                  1y
Resolution code:              1h
Station code:                 DK0010G
Platform code:                DK0010S
Station name:                 Villum Research Station, Station Nord
Station latitude:             81.6
Station longitude:            -16.67
Station altitude:             20.0m
Regime:                       IMG
Component:                    ozone
Unit:                         ug/m3
Matrix:                       air
Instrument type:              uv_abs
Laboratory code:              DK01L
Instrument name:              O3mon10
Method ref:                   DK01L_UV_absorption
Originator:                   Keller, Rune, , , , , , , , , 
Submitter:                    Keller, Rune, , , , , , , , , 
starttime endtime O3 flag_O3
[from data line 7112]
296.332998 296.375000  67.318 0.000
296.375000 296.416991  67.218 0.000
296.416991 296.457998  66.009 0.000
296.457998 296.500000  65.119 0.000
296.500000 296.541991  63.980 0.000
296.541991 296.582998  63.900 0.000
296.582998 296.625000  63.480 0.000
296.625000 296.666991  63.030 0.000
296.666991 296.707998  63.340 0.000
296.707998 296.750000  62.461 0.000
296.750000 296.791991  62.661 0.000
296.791991 296.832998  63.010 0.000
296.832998 296.875000  62.191 0.000
296.875000 296.916991  62.691 0.000
296.916991 296.957998  60.122 0.000
296.957998 297.000000  59.141 0.000
297.000000 297.041991  59.120 0.000
297.041991 297.082998 999.999 0.999
297.082998 297.125000  57.661 0.000
297.125000 297.166991  57.641 0.000
297.166991 297.207998 999.999 0.999
297.207998 297.250000  59.900 0.000
297.250000 297.291991  60.070 0.000
297.291991 297.332998  63.428 0.000
297.332998 297.375000  64.398 0.000
297.375000 297.416991  65.217 0.000
297.416991 297.457998  66.587 0.000
297.457998 297.500000  65.557 0.000
297.500000 297.541991  64.188 0.000
297.541991 297.582998  64.368 0.000
297.582998 297.625000  64.018 0.000
297.625000 297.666991  64.318 0.000
297.666991 297.707998  63.308 0.000
297.707998 297.750000  63.978 0.000
297.750000 297.791991  63.408 0.000
297.791991 297.832998  62.819 0.000
297.832998 297.875000  63.978 0.000
297.875000 297.916991  64.758 0.000
297.916991 297.957998  63.888 0.000
297.957998 298.000000  62.137 0.000
298.000000 298.041991  59.848 0.000
298.041991 298.082998  59.748 0.000
298.082998 298.125000 999.999 0.999
298.125000 298.166991  59.348 0.000
298.166991 298.207998  58.819 0.000
298.207998 298.250000 999.999 0.999
298.250000 298.291991  59.368 0.000
298.291991 298.332998  59.428 0.000
298.332998 298.375000  60.028 0.000
298.375000 298.416991  59.848 0.000
298.416991 298.457998  62.067 0.000
298.457998 298.500000  65.885 0.000
298.500000 298.541991  66.515 0.000
298.541991 298.582998  66.405 0.000
298.582998 298.625000  65.915 0.000
298.625000 298.666991  65.655 0.000
298.666991 298.707998  64.856 0.000
298.707998 298.750000  64.975 0.000
298.750000 298.791991  65.545 0.000
298.791991 298.832998  65.875 0.000
298.832998 298.875000  66.175 0.000
298.875000 298.916991  66.745 0.000
298.916991 298.957998  67.072 0.000
298.957998 299.000000  66.523 0.000
299.000000 299.041991  66.733 0.000
299.041991 299.082998  67.552 0.000
299.082998 299.125000  67.752 0.000
299.125000 299.166991 999.999 0.999
299.166991 299.207998  66.773 0.000
299.207998 299.250000  66.823 0.000
299.250000 299.291991 999.999 0.999
299.291991 299.332998  67.802 0.000
299.332998 299.375000  68.152 0.000
299.375000 299.416991  68.192 0.000
299.416991 299.457998  68.072 0.000
299.457998 299.500000  68.472 0.000
299.500000 299.541991  68.092 0.000
299.541991 299.582998  68.452 0.000
299.582998 299.625000  67.552 0.000
299.625000 299.666991  65.883 0.000
299.666991 299.707998  65.183 0.000
299.707998 299.750000  65.113 0.000
299.750000 299.791991  64.764 0.000
299.791991 299.832998  64.514 0.000
299.832998 299.875000  64.194 0.000
299.875000 299.916991  64.932 0.000
299.916991 299.957998  65.891 0.000
299.957998 300.000000  67.020 0.000
300.000000 300.041991  67.170 0.000
300.041991 300.082998 999.999 0.999
300.082998 300.125000  66.241 0.000
300.125000 300.166991  65.771 0.000
300.166991 300.207998 999.999 0.999
300.207998 300.250000  66.431 0.000
300.250000 300.291991  66.291 0.000
300.291991 300.332998  66.691 0.000
300.332998 300.375000  66.681 0.000
300.375000 300.416991  66.651 0.000
300.416991 300.457998  65.481 0.000
300.457998 300.500000  65.111 0.000
300.500000 300.541991  65.921 0.000
300.541991 300.582998  66.571 0.000
300.582998 300.625000  66.711 0.000
300.625000 300.666991  66.751 0.000
300.666991 300.707998  66.631 0.000
300.707998 300.750000  66.761 0.000
300.750000 300.791991  66.761 0.000
300.791991 300.832998  66.671 0.000
300.832998 300.875000  66.950 0.000
300.875000 300.916991  67.168 0.000
300.916991 300.957998  66.549 0.000
300.957998 301.000000  66.369 0.000
301.000000 301.041991  66.429 0.000
301.041991 301.082998  65.939 0.000
301.082998 301.125000 999.999 0.999
301.125000 301.166991  66.339 0.000
301.166991 301.207998  66.489 0.000
301.207998 301.250000 999.999 0.999
301.250000 301.291991  68.298 0.000
301.291991 301.332998  69.887 0.000
301.332998 301.375000  69.067 0.000
301.375000 301.416991  66.609 0.000
301.416991 301.457998  67.188 0.000
301.457998 301.500000  67.268 0.000
301.500000 301.541991  69.417 0.000
301.541991 301.582998  68.518 0.000
301.582998 301.625000  66.959 0.000
301.625000 301.666991  68.028 0.000
301.666991 301.707998  69.097 0.000
301.707998 301.750000  65.019 0.000
301.750000 301.791991  65.889 0.000
301.791991 301.832998  65.788 0.000
301.832998 301.875000  62.529 0.000
301.875000 301.916991  64.128 0.000
301.916991 301.957998  65.417 0.000
301.957998 302.000000  66.157 0.000
302.000000 302.041991  66.027 0.000
302.041991 302.082998  65.777 0.000
302.082998 302.125000  65.667 0.000
302.125000 302.166991 999.999 0.999
302.166991 302.207998  67.556 0.000
302.207998 302.250000  67.096 0.000
302.250000 302.291991 999.999 0.999
302.291991 302.332998  66.487 0.000
302.332998 302.375000  67.096 0.000
302.375000 302.416991  67.366 0.000
302.416991 302.457998  66.927 0.000
302.457998 302.500000  65.617 0.000
302.500000 302.541991  65.007 0.000
302.541991 302.582998  65.017 0.000
302.582998 302.625000  65.857 0.000
302.625000 302.666991  65.727 0.000
302.666991 302.707998  65.247 0.000
302.707998 302.750000  65.717 0.000
302.750000 302.791991  65.816 0.000
302.791991 302.832998  65.995 0.000
302.832998 302.875000  65.525 0.000
302.875000 302.916991  65.155 0.000
302.916991 302.957998  65.285 0.000
302.957998 303.000000  65.495 0.000
303.000000 303.041991  66.195 0.000
303.041991 303.082998 999.999 0.999
303.082998 303.125000  65.705 0.000
303.125000 303.166991  66.115 0.000
303.166991 303.207998 999.999 0.999
303.207998 303.250000  66.205 0.000
303.250000 303.291991  65.825 0.000
303.291991 303.332998  65.625 0.000
303.332998 303.375000  65.435 0.000
303.375000 303.416991  65.465 0.000
303.416991 303.457998  67.894 0.000
303.457998 303.500000  65.625 0.000
303.500000 303.541991  65.515 0.000
303.541991 303.582998  65.465 0.000
303.582998 303.625000  63.856 0.000
303.625000 303.666991  64.716 0.000
303.666991 303.707998  64.316 0.000
303.707998 303.750000  64.526 0.000
303.750000 303.791991  64.973 0.000
303.791991 303.832998  64.864 0.000
303.832998 303.875000  64.594 0.000
303.875000 303.916991  65.003 0.000
303.916991 303.957998  65.823 0.000
303.957998 304.000000  65.513 0.000
304.000000 304.041991  65.423 0.000
304.041991 304.082998 999.999 0.999
304.082998 304.125000  66.443 0.000
304.125000 304.166991  66.613 0.000
304.166991 304.207998 999.999 0.999
304.207998 304.250000  65.853 0.000
304.250000 304.291991  65.523 0.000
304.291991 304.332998  65.573 0.000
304.332998 304.375000  65.893 0.000
304.375000 304.416991  65.753 0.000
304.416991 304.457998  65.703 0.000
304.457998 304.500000  65.533 0.000
304.500000 304.541991  65.663 0.000
304.541991 304.582998  65.723 0.000
304.582998 304.625000  65.363 0.000
304.625000 304.666991  65.503 0.000
304.666991 304.707998  66.793 0.000
304.707998 304.750000  67.830 0.000
304.750000 304.791991  68.280 0.000
304.791991 304.832998  67.890 0.000
304.832998 304.875000  67.650 0.000
304.875000 304.916991  68.370 0.000
304.916991 304.957998  68.350 0.000
304.957998 305.000000  67.760 0.000
305.000000 305.041991  69.049 0.000
305.041991 305.082998  69.169 0.000
305.082998 305.125000 999.999 0.999
305.125000 305.166991  67.020 0.000
305.166991 305.207998  68.810 0.000
305.207998 305.250000 999.999 0.999
305.250000 305.291991  68.510 0.000
305.291991 305.332998  68.100 0.000
305.332998 305.375000  67.920 0.000
305.375000 305.416991  67.800 0.000
305.416991 305.457998  63.392 0.000
305.457998 305.500000  66.301 0.000
305.500000 305.541991  64.962 0.000
305.541991 305.582998  67.720 0.000
305.582998 305.625000  68.140 0.000
305.625000 305.666991  67.860 0.000
305.666991 305.707998  66.799 0.000
305.707998 305.750000  68.098 0.000
305.750000 305.791991  68.518 0.000
305.791991 305.832998  68.068 0.000
305.832998 305.875000  68.208 0.000
305.875000 305.916991  68.448 0.000
305.916991 305.957998  67.718 0.000
305.957998 306.000000  66.499 0.000
306.000000 306.041991  66.679 0.000
306.041991 306.082998  67.278 0.000
306.082998 306.125000  67.438 0.000
306.125000 306.166991 999.999 0.999
306.166991 306.207998  67.408 0.000
306.207998 306.250000  67.338 0.000
306.250000 306.291991 999.999 0.999
306.291991 306.332998  67.658 0.000
306.332998 306.375000  66.829 0.000
306.375000 306.416991  66.419 0.000
306.416991 306.457998  66.509 0.000
306.457998 306.500000  65.609 0.000
306.500000 306.541991  63.860 0.000
306.541991 306.582998  63.190 0.000
306.582998 306.625000  61.851 0.000
306.625000 306.666991  61.440 0.000
306.666991 306.707998  59.910 0.000
306.707998 306.750000  59.980 0.000
306.750000 306.791991  59.250 0.000
306.791991 306.832998  61.789 0.000
306.832998 306.875000  60.290 0.000
306.875000 306.916991  59.000 0.000
306.916991 306.957998  58.881 0.000
306.957998 307.000000  58.571 0.000
307.000000 307.041991  58.761 0.000
307.041991 307.082998 999.999 0.999
307.082998 307.125000  59.360 0.000
307.125000 307.166991  59.700 0.000
307.166991 307.207998 999.999 0.999
307.207998 307.250000  61.999 0.000
307.250000 307.291991  63.178 0.000
307.291991 307.332998  66.247 0.000
307.332998 307.375000  66.417 0.000
307.375000 307.416991  68.706 0.000
307.416991 307.457998  68.136 0.000
307.457998 307.500000  68.646 0.000
307.500000 307.541991  68.746 0.000
307.541991 307.582998  68.206 0.000
307.582998 307.625000  67.895 0.000
307.625000 307.666991  68.044 0.000
307.666991 307.707998  69.383 0.000
307.707998 307.750000  70.243 0.000
307.750000 307.791991  70.033 0.000
307.791991 307.832998  70.992 0.000
307.832998 307.875000  72.402 0.000
307.875000 307.916991  69.993 0.000
307.916991 307.957998  71.542 0.000
307.957998 308.000000  70.533 0.000
308.000000 308.041991  70.683 0.000
308.041991 308.082998  70.063 0.000
308.082998 308.125000 999.999 0.999
308.125000 308.166991  71.232 0.000
308.166991 308.207998  70.453 0.000
308.207998 308.250000 999.999 0.999
308.250000 308.291991  71.482 0.000
308.291991 308.332998  71.242 0.000
308.332998 308.375000  71.242 0.000
308.375000 308.416991  71.002 0.000
308.416991 308.457998  69.853 0.000
308.457998 308.500000  69.523 0.000
308.500000 308.541991  69.283 0.000
308.541991 308.582998  68.094 0.000
308.582998 308.625000  67.992 0.000
308.625000 308.666991  67.762 0.000
308.666991 308.707998  69.031 0.000
308.707998 308.750000  69.581 0.000
308.750000 308.791991  69.811 0.000
308.791991 308.832998  69.711 0.000
308.832998 308.875000  69.331 0.000
308.875000 308.916991  69.411 0.000
308.916991 308.957998  68.802 0.000
308.957998 309.000000  67.972 0.000
309.000000 309.041991  67.682 0.000
309.041991 309.082998 999.999 0.999
309.082998 309.125000  65.343 0.000
309.125000 309.166991  65.833 0.000
309.166991 309.207998 999.999 0.999
309.207998 309.250000  66.513 0.000
309.250000 309.291991  67.662 0.000
309.291991 309.332998  68.002 0.000
309.332998 309.375000  68.202 0.000
309.375000 309.416991  68.532 0.000
309.416991 309.457998  67.682 0.000
309.457998 309.500000  68.672 0.000
309.500000 309.541991  70.321 0.000
309.541991 309.582998  70.839 0.000
309.582998 309.625000  69.519 0.000
309.625000 309.666991  67.760 0.000
309.666991 309.707998  68.330 0.000
309.707998 309.750000  68.590 0.000
309.750000 309.791991  68.460 0.000
309.791991 309.832998  68.690 0.000
309.832998 309.875000  69.559 0.000
309.875000 309.916991  70.839 0.000
309.916991 309.957998  71.248 0.000
309.957998 310.000000  71.398 0.000
310.000000 310.041991  72.038 0.000
310.041991 310.082998  71.938 0.000
310.082998 310.125000 999.999 0.999
310.125000 310.166991  71.408 0.000
310.166991 310.207998  72.088 0.000
310.207998 310.250000 999.999 0.999
310.250000 310.291991  71.158 0.000
310.291991 310.332998  70.998 0.000
310.332998 310.375000  71.018 0.000
310.375000 310.416991  71.498 0.000
310.416991 310.457998  70.849 0.000
310.457998 310.500000  70.189 0.000
310.500000 310.541991  70.477 0.000
310.541991 310.582998  71.186 0.000
310.582998 310.625000  70.837 0.000
310.625000 310.666991  70.917 0.000
310.666991 310.707998  70.717 0.000
310.707998 310.750000  70.427 0.000
310.750000 310.791991  71.416 0.000
310.791991 310.832998  71.446 0.000
310.832998 310.875000  71.566 0.000
310.875000 310.916991  71.646 0.000
310.916991 310.957998  71.596 0.000
310.957998 311.000000  71.466 0.000
311.000000 311.041991  71.146 0.000
311.041991 311.082998  70.857 0.000
311.082998 311.125000  70.887 0.000
311.125000 311.166991 999.999 0.999
311.166991 311.207998  69.307 0.000
311.207998 311.250000  69.027 0.000
311.250000 311.291991 999.999 0.999
311.291991 311.332998  70.047 0.000
311.332998 311.375000  70.887 0.000
311.375000 311.416991  71.666 0.000
311.416991 311.457998  71.856 0.000
311.457998 311.500000  72.005 0.000
311.500000 311.541991  71.864 0.000
311.541991 311.582998  71.834 0.000
311.582998 311.625000  71.844 0.000
311.625000 311.666991  71.774 0.000
311.666991 311.707998  71.344 0.000
311.707998 311.750000  70.875 0.000
311.750000 311.791991  70.885 0.000
311.791991 311.832998  70.855 0.000
311.832998 311.875000  70.625 0.000
311.875000 311.916991  71.354 0.000
311.916991 311.957998  70.675 0.000
311.957998 312.000000  67.506 0.000
312.000000 312.041991  63.798 0.000
312.041991 312.082998 999.999 0.999
312.082998 312.125000  67.506 0.000
312.125000 312.166991  66.047 0.000
312.166991 312.207998 999.999 0.999
312.207998 312.250000  65.437 0.000
312.250000 312.291991  64.338 0.000
312.291991 312.332998  63.588 0.000
312.332998 312.375000  62.789 0.000
312.375000 312.416991  63.258 0.000
312.416991 312.457998  63.087 0.000
312.457998 312.500000  64.736 0.000
312.500000 312.541991  63.576 0.000
312.541991 312.582998  64.206 0.000
312.582998 312.625000  64.176 0.000
312.625000 312.666991  63.686 0.000
312.666991 312.707998  63.826 0.000
312.707998 312.750000  63.296 0.000
312.750000 312.791991  63.916 0.000
312.791991 312.832998  64.226 0.000
312.832998 312.875000  65.265 0.000
312.875000 312.916991  65.455 0.000
312.916991 312.957998  65.475 0.000
312.957998 313.000000  64.906 0.000
313.000000 313.041991  63.986 0.000
313.041991 313.082998  63.646 0.000
313.082998 313.125000 999.999 0.999
313.125000 313.166991  64.486 0.000
313.166991 313.207998  64.626 0.000
313.207998 313.250000 999.999 0.999
313.250000 313.291991  64.936 0.000
313.291991 313.332998  66.585 0.000
313.332998 313.375000  68.524 0.000
313.375000 313.416991  68.663 0.000
313.416991 313.457998  68.242 0.000
313.457998 313.500000  68.602 0.000
313.500000 313.541991  68.352 0.000
313.541991 313.582998  67.312 0.000
313.582998 313.625000  67.232 0.000
313.625000 313.666991  67.922 0.000
313.666991 313.707998  67.962 0.000
313.707998 313.750000  68.552 0.000
313.750000 313.791991  68.082 0.000
313.791991 313.832998  68.512 0.000
313.832998 313.875000  69.751 0.000
313.875000 313.916991  70.041 0.000
313.916991 313.957998  70.191 0.000
313.957998 314.000000  70.201 0.000
314.000000 314.041991  69.501 0.000
314.041991 314.082998  69.481 0.000
314.082998 314.125000  69.171 0.000
314.125000 314.166991 999.999 0.999
314.166991 314.207998  69.631 0.000
314.207998 314.250000  69.531 0.000
314.250000 314.291991 999.999 0.999
314.291991 314.332998  69.131 0.000
314.332998 314.375000  69.221 0.000
314.375000 314.416991  68.950 0.000
314.416991 314.457998  69.039 0.000
314.457998 314.500000  69.169 0.000
314.500000 314.541991  68.750 0.000
314.541991 314.582998  69.009 0.000
314.582998 314.625000  69.569 0.000
314.625000 314.666991  69.919 0.000
314.666991 314.707998  69.489 0.000
314.707998 314.750000  69.689 0.000
314.750000 314.791991  70.059 0.000
