ODEfiles/DK0010G08_15/DK0010G.20090101000000.20101130000000.uv_abs.ozone.air.1y.1h.DK01L_O3mon10.DK01L_UV_absorption..nas
45 1001
Keller, Rune
DK01L, National Environmental Research Institute, NERI, , "P.O.Box 358, Fredriksborgvei 399, DK-4000 Roskilde, Denmark", , , , 
Keller, Rune
AMAP EMEP
1 1
2009 01 01 2010 11 30
0.041667
days from file reference point
3
1 1 1
999.999999 999.999 9.999
end_time of measurement, days from the file reference point
ozone, ug/m3
numflag ozone, no unit
0
28
Data definition:              EBAS_1.1
Set type code:                TU
Timezone:                     UTC
File name:                    DK0010G.20090101000000.20101130000000.uv_abs.ozone.air.1y.1h.DK01L_O3mon10.DK01L_UV_absorption..nas
File creation:                20190910074040
Startdate:                    20090101000000
Revision date:                20101130000000
Statistics:                   arithmetic mean
Data level:                   
Period code:                  1y
Resolution code:              1h
Station code:                 DK0010G
Platform code:                DK0010S
Station name:                 Villum Research Station, Station Nord
Station latitude:             81.6
Station longitude:            -16.67
Station altitude:             20.0m
Regime:                       IMG
Component:                    ozone
Unit:                         ug/m3
Matrix:                       air
Instrument type:              uv_abs
Laboratory code:              DK01L
Instrument name:              O3mon10
Method ref:                   DK01L_UV_absorption
Originator:                   Keller, Rune, , , , , , , , , 
Submitter:                    Keller, Rune, , , , , , , , , 
starttime endtime O3 flag_O3
[from data line 7556]
314.833333 314.875000  70.770 0.000
314.875000 314.916667  69.905 0.000
314.916667 314.958333  68.900 0.000
314.958333 315.000000  68.850 0.000
315.000000 315.041667 999.999 0.999
315.041667 315.083333  69.334 0.000
315.083333 315.125000  69.304 0.000
315.125000 315.166667  70.159 0.000
315.166667 315.208333 999.999 0.999
315.208333 315.250000  71.969 0.000
315.250000 315.291667  72.753 0.000
315.291667 315.333333  73.347 0.000
315.333333 315.375000  73.861 0.000
315.375000 315.416667  73.922 0.000
315.416667 315.458333  73.972 0.000
315.458333 315.500000  73.509 0.000
315.500000 315.541667  73.781 0.000
315.541667 315.583333  74.104 0.000
315.583333 315.625000  74.557 0.000
315.625000 315.666667  73.702 0.000
315.666667 315.708333  73.863 0.000
315.708333 315.750000  74.215 0.000
315.750000 315.791667  74.195 0.000
315.791667 315.833333  74.397 0.000
315.833333 315.875000  75.052 0.000
315.875000 315.916667  75.112 0.000
315.916667 315.958333  74.599 0.000
315.958333 316.000000  75.152 0.000
316.000000 316.041667  74.780 0.000
316.041667 316.083333 999.999 0.999
316.083333 316.125000  75.345 0.000
316.125000 316.166667  75.164 0.000
316.166667 316.208333  74.028 0.000
316.208333 316.250000 999.999 0.999
316.250000 316.291667  74.370 0.000
316.291667 316.333333  73.606 0.000
316.333333 316.375000  74.121 0.000
316.375000 316.416667  74.734 0.000
316.416667 316.458333  74.815 0.000
316.458333 316.500000  74.744 0.000
316.500000 316.541667  75.528 0.000
316.541667 316.583333  75.277 0.000
316.583333 316.625000  73.126 0.000
316.625000 316.666667  75.128 0.000
316.666667 316.708333  76.174 0.000
316.708333 316.750000  76.586 0.000
316.750000 316.791667  76.234 0.000
316.791667 316.833333  76.375 0.000
316.833333 316.875000  75.954 0.000
316.875000 316.916667  75.593 0.000
316.916667 316.958333  75.975 0.000
316.958333 317.000000  76.216 0.000
317.000000 317.041667  75.181 0.000
317.041667 317.083333  74.376 0.000
317.083333 317.125000 999.999 0.999
317.125000 317.166667 999.999 0.999
317.166667 317.208333  75.052 0.000
317.208333 317.250000  75.444 0.000
317.250000 317.291667  74.861 0.000
317.291667 317.333333  75.032 0.000
317.333333 317.375000  75.816 0.000
317.375000 317.416667  74.913 0.000
317.416667 317.458333  76.059 0.000
317.458333 317.500000  74.732 0.000
317.500000 317.541667  75.647 0.000
317.541667 317.583333  75.325 0.000
317.583333 317.625000  74.370 0.000
317.625000 317.666667  75.368 0.000
317.666667 317.708333  74.060 0.000
317.708333 317.750000  74.804 0.000
317.750000 317.791667  74.171 0.000
317.791667 317.833333  75.237 0.000
317.833333 317.875000  74.815 0.000
317.875000 317.916667  75.088 0.000
317.916667 317.958333  74.374 0.000
317.958333 318.000000  74.384 0.000
318.000000 318.041667 999.999 0.999
318.041667 318.083333  74.575 0.000
318.083333 318.125000  75.289 0.000
318.125000 318.166667  75.511 0.000
318.166667 318.208333 999.999 0.999
318.208333 318.250000  74.336 0.000
318.250000 318.291667  74.064 0.000
318.291667 318.333333  74.627 0.000
318.333333 318.375000  75.563 0.000
318.375000 318.416667  75.332 0.000
318.416667 318.458333  75.263 0.000
318.458333 318.500000  75.273 0.000
318.500000 318.541667  75.032 0.000
318.541667 318.583333  74.750 0.000
318.583333 318.625000  74.971 0.000
318.625000 318.666667  75.343 0.000
318.666667 318.708333  74.772 0.000
318.708333 318.750000  74.772 0.000
318.750000 318.791667  74.732 0.000
318.791667 318.833333  74.591 0.000
318.833333 318.875000  73.968 0.000
318.875000 318.916667  74.662 0.000
318.916667 318.958333  74.412 0.000
318.958333 319.000000  74.261 0.000
319.000000 319.041667  74.161 0.000
319.041667 319.083333 999.999 0.999
319.083333 319.125000  74.774 0.000
319.125000 319.166667  74.483 0.000
319.166667 319.208333  74.495 0.000
319.208333 319.250000 999.999 0.999
319.250000 319.291667  74.636 0.000
319.291667 319.333333  74.575 0.000
319.333333 319.375000  74.646 0.000
319.375000 319.416667  74.656 0.000
319.416667 319.458333  71.771 0.000
319.458333 319.500000  74.245 0.000
319.500000 319.541667  75.050 0.000
319.541667 319.583333  75.050 0.000
319.583333 319.625000  75.362 0.000
319.625000 319.666667  73.381 0.000
319.666667 319.708333  73.904 0.000
319.708333 319.750000  70.245 0.000
319.750000 319.791667  68.807 0.000
319.791667 319.833333  71.120 0.000
319.833333 319.875000  66.635 0.000
319.875000 319.916667  65.519 0.000
319.916667 319.958333  69.702 0.000
319.958333 320.000000  73.153 0.000
320.000000 320.041667 999.999 0.999
320.041667 320.083333  73.304 0.000
320.083333 320.125000  74.330 0.000
320.125000 320.166667 999.999 0.999
320.166667 320.208333  73.415 0.000
320.208333 320.250000  70.149 0.000
320.250000 320.291667  68.289 0.000
320.291667 320.333333  69.163 0.000
320.333333 320.375000  70.169 0.000
320.375000 320.416667  69.576 0.000
320.416667 320.458333  69.385 0.000
320.458333 320.500000  70.000 0.000
320.500000 320.541667  69.276 0.000
320.541667 320.583333  71.106 0.000
320.583333 320.625000  71.106 0.000
320.625000 320.666667  71.176 0.000
320.666667 320.708333  70.493 0.000
320.708333 320.750000  69.398 0.000
320.750000 320.791667  69.710 0.000
320.791667 320.833333  68.232 0.000
320.833333 320.875000  64.331 0.000
320.875000 320.916667  61.757 0.000
320.916667 320.958333  62.119 0.000
320.958333 321.000000  61.385 0.000
321.000000 321.041667  59.335 0.000
321.041667 321.083333 999.999 0.999
321.083333 321.125000  58.279 0.000
321.125000 321.166667  56.962 0.000
321.166667 321.208333 999.999 0.999
321.208333 321.250000  61.398 0.000
321.250000 321.291667  61.459 0.000
321.291667 321.333333  60.122 0.000
321.333333 321.375000  59.106 0.000
321.375000 321.416667  57.447 0.000
321.416667 321.458333  60.081 0.000
321.458333 321.500000  61.358 0.000
321.500000 321.541667  62.517 0.000
321.541667 321.583333  57.690 0.000
321.583333 321.625000  58.585 0.000
321.625000 321.666667  58.243 0.000
321.666667 321.708333  56.946 0.000
321.708333 321.750000  58.625 0.000
321.750000 321.791667  59.804 0.000
321.791667 321.833333  57.481 0.000
321.833333 321.875000  60.347 0.000
321.875000 321.916667  64.349 0.000
321.916667 321.958333  67.255 0.000
321.958333 322.000000  63.937 0.000
322.000000 322.041667  65.345 0.000
322.041667 322.083333  68.423 0.000
322.083333 322.125000 999.999 0.999
322.125000 322.166667  67.689 0.000
322.166667 322.208333  67.277 0.000
322.208333 322.250000 999.999 0.999
322.250000 322.291667  68.877 0.000
322.291667 322.333333  71.271 0.000
322.333333 322.375000  71.442 0.000
322.375000 322.416667  72.277 0.000
322.416667 322.458333  70.889 0.000
322.458333 322.500000  69.873 0.000
322.500000 322.541667  67.672 0.000
322.541667 322.583333  70.539 0.000
322.583333 322.625000  70.197 0.000
322.625000 322.666667  70.760 0.000
322.666667 322.708333  69.503 0.000
322.708333 322.750000  68.075 0.000
322.750000 322.791667  70.257 0.000
322.791667 322.833333  71.828 0.000
322.833333 322.875000  72.793 0.000
322.875000 322.916667  72.532 0.000
322.916667 322.958333  72.562 0.000
322.958333 323.000000  72.351 0.000
323.000000 323.041667 999.999 0.999
323.041667 323.083333  73.097 0.000
323.083333 323.125000  72.534 0.000
323.125000 323.166667 999.999 0.999
323.166667 323.208333  73.107 0.000
323.208333 323.250000  73.027 0.000
323.250000 323.291667  72.373 0.000
323.291667 323.333333  71.771 0.000
323.333333 323.375000  69.771 0.000
323.375000 323.416667  68.252 0.000
323.416667 323.458333  68.966 0.000
323.458333 323.500000  71.168 0.000
323.500000 323.541667  72.023 0.000
323.541667 323.583333  73.693 0.000
323.583333 323.625000  73.574 0.000
323.625000 323.666667  70.607 0.000
323.666667 323.708333  71.331 0.000
323.708333 323.750000  72.025 0.000
323.750000 323.791667  72.850 0.000
323.791667 323.833333  72.448 0.000
323.833333 323.875000  72.661 0.000
323.875000 323.916667  72.600 0.000
323.916667 323.958333  72.912 0.000
323.958333 324.000000  72.258 0.000
324.000000 324.041667  72.942 0.000
324.041667 324.083333 999.999 0.999
324.083333 324.125000  72.421 0.000
324.125000 324.166667  72.984 0.000
324.166667 324.208333 999.999 0.999
324.208333 324.250000  73.155 0.000
324.250000 324.291667  74.111 0.000
324.291667 324.333333  74.734 0.000
324.333333 324.375000  73.962 0.000
324.375000 324.416667  74.495 0.000
324.416667 324.458333  74.475 0.000
324.458333 324.500000  74.133 0.000
324.500000 324.541667  74.796 0.000
324.541667 324.583333  74.012 0.000
324.583333 324.625000  74.074 0.000
324.625000 324.666667  73.652 0.000
324.666667 324.708333  73.883 0.000
324.708333 324.750000  73.793 0.000
324.750000 324.791667  73.159 0.000
324.791667 324.833333  73.069 0.000
324.833333 324.875000  73.060 0.000
324.875000 324.916667  72.659 0.000
324.916667 324.958333  72.729 0.000
324.958333 325.000000  72.387 0.000
325.000000 325.041667  73.051 0.000
325.041667 325.083333  73.513 0.000
325.083333 325.125000 999.999 0.999
325.125000 325.166667  73.797 0.000
325.166667 325.208333  73.847 0.000
325.208333 325.250000 999.999 0.999
325.250000 325.291667  72.872 0.000
325.291667 325.333333  74.149 0.000
325.333333 325.375000  73.294 0.000
325.375000 325.416667  73.145 0.000
325.416667 325.458333  74.261 0.000
325.458333 325.500000  74.453 0.000
325.500000 325.541667  74.774 0.000
325.541667 325.583333  74.835 0.000
325.583333 325.625000  74.764 0.000
325.625000 325.666667  75.018 0.000
325.666667 325.708333  74.957 0.000
325.708333 325.750000  73.700 0.000
325.750000 325.791667  74.424 0.000
325.791667 325.833333  74.384 0.000
325.833333 325.875000  74.615 0.000
325.875000 325.916667  74.708 0.000
325.916667 325.958333  75.020 0.000
325.958333 326.000000  74.658 0.000
326.000000 326.041667 999.999 0.999
326.041667 326.083333  75.201 0.000
326.083333 326.125000  75.301 0.000
326.125000 326.166667 999.999 0.999
326.166667 326.208333  75.364 0.000
326.208333 326.250000  75.062 0.000
326.250000 326.291667  75.203 0.000
326.291667 326.333333  74.690 0.000
326.333333 326.375000  73.503 0.000
326.375000 326.416667  73.856 0.000
326.416667 326.458333  74.109 0.000
326.458333 326.500000  73.727 0.000
326.500000 326.541667  74.008 0.000
326.541667 326.583333  70.931 0.000
326.583333 326.625000  72.228 0.000
326.625000 326.666667  72.943 0.000
326.666667 326.708333  73.427 0.000
326.708333 326.750000  73.879 0.000
326.750000 326.791667  73.910 0.000
326.791667 326.833333  73.799 0.000
326.833333 326.875000  74.101 0.000
326.875000 326.916667  74.804 0.000
326.916667 326.958333  74.605 0.000
326.958333 327.000000  75.229 0.000
327.000000 327.041667  74.937 0.000
327.041667 327.083333 999.999 0.999
327.083333 327.125000  75.229 0.000
327.125000 327.166667  75.420 0.000
327.166667 327.208333 999.999 0.999
327.208333 327.250000  75.372 0.000
327.250000 327.291667  76.206 0.000
327.291667 327.333333  76.417 0.000
327.333333 327.375000  76.407 0.000
327.375000 327.416667  75.452 0.000
327.416667 327.458333  75.021 0.000
327.458333 327.500000  75.183 0.000
327.500000 327.541667  75.444 0.000
327.541667 327.583333  76.450 0.000
327.583333 327.625000  74.760 0.000
327.625000 327.666667  74.418 0.000
327.666667 327.708333  73.715 0.000
327.708333 327.750000  72.490 0.000
327.750000 327.791667  72.429 0.000
327.791667 327.833333  70.820 0.000
327.833333 327.875000  70.328 0.000
327.875000 327.916667  69.061 0.000
327.916667 327.958333  69.977 0.000
327.958333 328.000000  70.933 0.000
328.000000 328.041667 999.999 0.999
328.041667 328.083333  71.164 0.000
328.083333 328.125000  68.600 0.000
328.125000 328.166667 999.999 0.999
328.166667 328.208333  67.082 0.000
328.208333 328.250000  66.440 0.000
328.250000 328.291667  67.637 0.000
328.291667 328.333333  68.582 0.000
328.333333 328.375000  68.753 0.000
328.375000 328.416667  69.809 0.000
328.416667 328.458333  71.026 0.000
328.458333 328.500000  71.370 0.000
328.500000 328.541667  71.098 0.000
328.541667 328.583333  70.153 0.000
328.583333 328.625000  69.409 0.000
328.625000 328.666667  68.504 0.000
328.666667 328.708333  67.971 0.000
328.708333 328.750000  68.585 0.000
328.750000 328.791667  69.069 0.000
328.791667 328.833333  70.416 0.000
328.833333 328.875000  71.814 0.000
328.875000 328.916667  72.075 0.000
328.916667 328.958333  75.052 0.000
328.958333 329.000000  71.845 0.000
329.000000 329.041667  71.464 0.000
329.041667 329.083333 999.999 0.999
329.083333 329.125000  70.740 0.000
329.125000 329.166667  72.118 0.000
329.166667 329.208333 999.999 0.999
329.208333 329.250000  74.331 0.000
329.250000 329.291667  73.759 0.000
329.291667 329.333333  73.759 0.000
329.333333 329.375000  71.768 0.000
329.375000 329.416667 999.999 0.999
329.416667 329.458333  68.128 0.000
329.458333 329.500000  68.962 0.000
329.500000 329.541667  71.156 0.000
329.541667 329.583333  71.941 0.000
329.583333 329.625000  70.744 0.000
329.625000 329.666667  71.116 0.000
329.666667 329.708333  72.484 0.000
329.708333 329.750000  71.388 0.000
329.750000 329.791667  68.554 0.000
329.791667 329.833333  70.887 0.000
329.833333 329.875000  73.511 0.000
329.875000 329.916667  72.285 0.000
329.916667 329.958333  71.892 0.000
329.958333 330.000000  70.897 0.000
330.000000 330.041667  69.169 0.000
330.041667 330.083333  61.869 0.000
330.083333 330.125000 999.999 0.999
330.125000 330.166667 999.999 0.999
330.166667 330.208333  63.307 0.000
330.208333 330.250000  62.121 0.000
330.250000 330.291667  62.242 0.000
330.291667 330.333333  63.550 0.000
330.333333 330.375000  59.538 0.000
330.375000 330.416667  56.069 0.000
330.416667 330.458333  64.063 0.000
330.458333 330.500000  64.063 0.000
330.500000 330.541667  63.189 0.000
330.541667 330.583333  63.110 0.000
330.583333 330.625000  64.055 0.000
330.625000 330.666667  62.758 0.000
330.666667 330.708333  65.674 0.000
330.708333 330.750000  66.378 0.000
330.750000 330.791667  65.765 0.000
330.791667 330.833333  63.524 0.000
330.833333 330.875000  63.363 0.000
330.875000 330.916667  62.499 0.000
330.916667 330.958333  61.956 0.000
330.958333 331.000000  61.946 0.000
331.000000 331.041667 999.999 0.999
331.041667 331.083333  63.677 0.000
331.083333 331.125000  63.657 0.000
331.125000 331.166667  63.989 0.000
331.166667 331.208333 999.999 0.999
331.208333 331.250000  65.588 0.000
331.250000 331.291667  66.231 0.000
331.291667 331.333333  64.292 0.000
331.333333 331.375000  65.801 0.000
331.375000 331.416667  65.660 0.000
331.416667 331.458333  65.600 0.000
331.458333 331.500000  65.509 0.000
331.500000 331.541667  63.579 0.000
331.541667 331.583333  63.328 0.000
331.583333 331.625000  63.148 0.000
331.625000 331.666667  62.655 0.000
331.666667 331.708333  63.369 0.000
331.708333 331.750000  62.766 0.000
331.750000 331.791667  62.635 0.000
331.791667 331.833333  66.005 0.000
331.833333 331.875000  64.920 0.000
331.875000 331.916667  66.760 0.000
331.916667 331.958333  66.368 0.000
331.958333 332.000000  65.795 0.000
332.000000 332.041667  66.569 0.000
332.041667 332.083333 999.999 0.999
332.083333 332.125000  64.771 0.000
332.125000 332.166667  65.716 0.000
332.166667 332.208333  66.109 0.000
332.208333 332.250000 999.999 0.999
332.250000 332.291667  65.827 0.000
332.291667 332.333333  64.389 0.000
332.333333 332.375000  65.115 0.000
332.375000 332.416667  64.864 0.000
332.416667 332.458333  63.868 0.000
332.458333 332.500000  63.697 0.000
332.500000 332.541667  66.181 0.000
332.541667 332.583333  65.316 0.000
332.583333 332.625000  65.127 0.000
332.625000 332.666667  64.946 0.000
332.666667 332.708333  67.249 0.000
332.708333 332.750000  66.716 0.000
332.750000 332.791667  67.681 0.000
332.791667 332.833333  66.243 0.000
332.833333 332.875000  66.023 0.000
332.875000 332.916667  65.883 0.000
332.916667 332.958333  65.340 0.000
332.958333 333.000000  65.066 0.000
333.000000 333.041667  66.269 0.000
333.041667 333.083333  67.494 0.000
333.083333 333.125000 999.999 0.999
333.125000 333.166667 999.999 0.999
333.166667 333.208333  67.577 0.000
333.208333 333.250000  66.000 0.000
333.250000 333.291667  67.697 0.000
333.291667 333.333333  66.231 0.000
