ODEfiles/DK0010G08_15/DK0010G.20090101000000.20101130000000.uv_abs.ozone.air.1y.1h.DK01L_O3mon10.DK01L_UV_absorption..nas
45 1001
Keller, Rune
DK01L, National Environmental Research Institute, NERI, , "P.O.Box 358, Fredriksborgvei 399, DK-4000 Roskilde, Denmark", , , , 
Keller, Rune
AMAP EMEP
1 1
2009 01 01 2010 11 30
0.041667
days from file reference point
3
1 1 1
999.999999 999.999 9.999
end_time of measurement, days from the file reference point
ozone, ug/m3
numflag ozone, no unit
0
28
Data definition:              EBAS_1.1
Set type code:                TU
Timezone:                     UTC
File name:                    DK0010G.20090101000000.20101130000000.uv_abs.ozone.air.1y.1h.DK01L_O3mon10.DK01L_UV_absorption..nas
File creation:                20190910074040
Startdate:                    20090101000000
Revision date:                20101130000000
Statistics:                   arithmetic mean
Data level:                   
Period code:                  1y
Resolution code:              1h
Station code:                 DK0010G
Platform code:                DK0010S
Station name:                 Villum Research Station, Station Nord
Station latitude:             81.6
Station longitude:            -16.67
Station altitude:             20.0m
Regime:                       IMG
Component:                    ozone
Unit:                         ug/m3
Matrix:                       air
Instrument type:              uv_abs
Laboratory code:              DK01L
Instrument name:              O3mon10
Method ref:                   DK01L_UV_absorption
Originator:                   Keller, Rune, , , , , , , , , 
Submitter:                    Keller, Rune, , , , , , , , , 
starttime endtime O3 flag_O3
[from data line 889]
 37.041667  37.083333  57.757 0.000
 37.083333  37.125000  57.486 0.000
 37.125000  37.166667 999.999 0.999
 37.166667  37.208333  57.835 0.000
 37.208333  37.250000  57.265 0.000
 37.250000  37.291667  57.203 0.000
 37.291667  37.333333  57.223 0.000
 37.333333  37.375000  57.713 0.000
 37.375000  37.416667  57.842 0.000
 37.416667  37.458333  57.081 0.000
 37.458333  37.500000  57.651 0.000
 37.500000  37.541667  57.421 0.000
 37.541667  37.583333  56.748 0.000
 37.583333  37.625000  56.788 0.000
 37.625000  37.666667  56.999 0.000
 37.666667  37.708333  57.159 0.000
 37.708333  37.750000  57.587 0.000
 37.750000  37.791667  63.740 0.000
 37.791667  37.833333  64.000 0.000
 37.833333  37.875000  64.069 0.000
 37.875000  37.916667  61.767 0.000
 37.916667  37.958333  59.896 0.000
 37.958333  38.000000  60.857 0.000
 38.000000  38.041667  62.725 0.000
 38.041667  38.083333 999.999 0.999
 38.083333  38.125000  59.954 0.000
 38.125000  38.166667  57.622 0.000
 38.166667  38.208333 999.999 0.999
 38.208333  38.250000  59.122 0.000
 38.250000  38.291667  57.381 0.000
 38.291667  38.333333  59.351 0.000
 38.333333  38.375000  58.799 0.000
 38.375000  38.416667  58.870 0.000
 38.416667  38.458333  60.150 0.000
 38.458333  38.500000  58.727 0.000
 38.500000  38.541667  56.616 0.000
 38.541667  38.583333  66.351 0.000
 38.583333  38.625000  69.672 0.000
 38.625000  38.666667  66.850 0.000
 38.666667  38.708333  70.101 0.000
 38.708333  38.750000  69.001 0.000
 38.750000  38.791667  73.471 0.000
 38.791667  38.833333  77.263 0.000
 38.833333  38.875000  76.062 0.000
 38.875000  38.916667  76.973 0.000
 38.916667  38.958333  72.668 0.000
 38.958333  39.000000 999.999 0.999
 39.000000  39.041667 999.999 0.999
 39.041667  39.083333 999.999 0.999
 39.083333  39.125000 999.999 0.999
 39.125000  39.166667 999.999 0.999
 39.166667  39.208333 999.999 0.999
 39.208333  39.250000 999.999 0.999
 39.250000  39.291667 999.999 0.999
 39.291667  39.333333 999.999 0.999
 39.333333  39.375000 999.999 0.999
 39.375000  39.416667 999.999 0.999
 39.416667  39.458333 999.999 0.999
 39.458333  39.500000 999.999 0.999
 39.500000  39.541667 999.999 0.999
 39.541667  39.583333 999.999 0.999
 39.583333  39.625000 999.999 0.999
 39.625000  39.666667 999.999 0.999
 39.666667  39.708333 999.999 0.999
 39.708333  39.750000 999.999 0.999
 39.750000  39.791667 999.999 0.999
 39.791667  39.833333 999.999 0.999
 39.833333  39.875000 999.999 0.999
 39.875000  39.916667 999.999 0.999
 39.916667  39.958333 999.999 0.999
 39.958333  40.000000 999.999 0.999
 40.000000  40.041667 999.999 0.999
 40.041667  40.083333 999.999 0.999
 40.083333  40.125000 999.999 0.999
 40.125000  40.166667 999.999 0.999
 40.166667  40.208333 999.999 0.999
 40.208333  40.250000 999.999 0.999
 40.250000  40.291667 999.999 0.999
 40.291667  40.333333 999.999 0.999
 40.333333  40.375000 999.999 0.999
 40.375000  40.416667 999.999 0.999
 40.416667  40.458333 999.999 0.999
 40.458333  40.500000 999.999 0.999
 40.500000  40.541667 999.999 0.999
 40.541667  40.583333 999.999 0.999
 40.583333  40.625000 999.999 0.999
 40.625000  40.666667 999.999 0.999
 40.666667  40.708333 999.999 0.999
 40.708333  40.750000 999.999 0.999
 40.750000  40.791667 999.999 0.999
 40.791667  40.833333 999.999 0.999
 40.833333  40.875000 999.999 0.999
 40.875000  40.916667 999.999 0.999
 40.916667  40.958333 999.999 0.999
 40.958333  41.000000  69.701 0.000
 41.000000  41.041667 999.999 0.999
 41.041667  41.083333  67.598 0.000
 41.083333  41.125000  65.637 0.000
 41.125000  41.166667 999.999 0.999
 41.166667  41.208333  63.834 0.000
 41.208333  41.250000  64.134 0.000
 41.250000  41.291667  64.164 0.000
 41.291667  41.333333  64.985 0.000
 41.333333  41.375000  64.682 0.000
 41.375000  41.416667  65.823 0.000
 41.416667  41.458333  64.612 0.000
 41.458333  41.500000  64.681 0.000
 41.500000  41.541667  65.491 0.000
 41.541667  41.583333  65.061 0.000
 41.583333  41.625000  65.241 0.000
 41.625000  41.666667  66.559 0.000
 41.666667  41.708333  67.400 0.000
 41.708333  41.750000  66.189 0.000
 41.750000  41.791667  66.198 0.000
 41.791667  41.833333  66.297 0.000
 41.833333  41.875000  67.398 0.000
 41.875000  41.916667  67.818 0.000
 41.916667  41.958333  68.477 0.000
 41.958333  42.000000  68.786 0.000
 42.000000  42.041667 999.999 0.999
 42.041667  42.083333  68.766 0.000
 42.083333  42.125000  68.835 0.000
 42.125000  42.166667 999.999 0.999
 42.166667  42.208333  68.424 0.000
 42.208333  42.250000  68.974 0.000
 42.250000  42.291667  68.302 0.000
 42.291667  42.333333  67.512 0.000
 42.333333  42.375000  66.791 0.000
 42.375000  42.416667  68.020 0.000
 42.416667  42.458333  67.660 0.000
 42.458333  42.500000  67.300 0.000
 42.500000  42.541667  67.630 0.000
 42.541667  42.583333  68.058 0.000
 42.583333  42.625000  68.288 0.000
 42.625000  42.666667  67.938 0.000
 42.666667  42.708333  67.577 0.000
 42.708333  42.750000  66.926 0.000
 42.750000  42.791667  68.306 0.000
 42.791667  42.833333  66.135 0.000
 42.833333  42.875000  68.554 0.000
 42.875000  42.916667  68.634 0.000
 42.916667  42.958333  68.684 0.000
 42.958333  43.000000  68.793 0.000
 43.000000  43.041667 999.999 0.999
 43.041667  43.083333  69.713 0.000
 43.083333  43.125000  69.293 0.000
 43.125000  43.166667 999.999 0.999
 43.166667  43.208333  68.110 0.000
 43.208333  43.250000  68.580 0.000
 43.250000  43.291667  69.481 0.000
 43.291667  43.333333  69.159 0.000
 43.333333  43.375000  66.327 0.000
 43.375000  43.416667  68.919 0.000
 43.416667  43.458333  69.408 0.000
 43.458333  43.500000  70.167 0.000
 43.500000  43.541667  68.486 0.000
 43.541667  43.583333  70.197 0.000
 43.583333  43.625000  70.245 0.000
 43.625000  43.666667  69.095 0.000
 43.666667  43.708333  69.825 0.000
 43.708333  43.750000  67.894 0.000
 43.750000  43.791667  67.812 0.000
 43.791667  43.833333  69.053 0.000
 43.833333  43.875000  70.573 0.000
 43.875000  43.916667  71.963 0.000
 43.916667  43.958333  71.322 0.000
 43.958333  44.000000  71.232 0.000
 44.000000  44.041667  71.142 0.000
 44.041667  44.083333 999.999 0.999
 44.083333  44.125000  71.990 0.000
 44.125000  44.166667  73.271 0.000
 44.166667  44.208333 999.999 0.999
 44.208333  44.250000  74.619 0.000
 44.250000  44.291667  75.690 0.000
 44.291667  44.333333  76.670 0.000
 44.333333  44.375000  74.208 0.000
 44.375000  44.416667  73.907 0.000
 44.416667  44.458333 999.999 0.999
 44.458333  44.500000  76.218 0.000
 44.500000  44.541667  76.666 0.000
 44.541667  44.583333  77.157 0.000
 44.583333  44.625000  76.456 0.000
 44.625000  44.666667  76.725 0.000
 44.666667  44.708333  75.124 0.000
 44.708333  44.750000  77.185 0.000
 44.750000  44.791667  76.584 0.000
 44.791667  44.833333  77.193 0.000
 44.833333  44.875000  75.912 0.000
 44.875000  44.916667  77.683 0.000
 44.916667  44.958333  76.452 0.000
 44.958333  45.000000  75.430 0.000
 45.000000  45.041667 999.999 0.999
 45.041667  45.083333  76.891 0.000
 45.083333  45.125000  78.720 0.000
 45.125000  45.166667 999.999 0.999
 45.166667  45.208333  76.448 0.000
 45.208333  45.250000  76.518 0.000
 45.250000  45.291667  77.377 0.000
 45.291667  45.333333  76.266 0.000
 45.333333  45.375000  79.168 0.000
 45.375000  45.416667  79.017 0.000
 45.416667  45.458333  79.066 0.000
 45.458333  45.500000  77.345 0.000
 45.500000  45.541667  78.705 0.000
 45.541667  45.583333  79.175 0.000
 45.583333  45.625000  77.343 0.000
 45.625000  45.666667  77.713 0.000
 45.666667  45.708333  77.823 0.000
 45.708333  45.750000  77.961 0.000
 45.750000  45.791667  78.151 0.000
 45.791667  45.833333  76.500 0.000
 45.833333  45.875000  72.968 0.000
 45.875000  45.916667  74.227 0.000
 45.916667  45.958333  76.096 0.000
 45.958333  46.000000  71.217 0.000
 46.000000  46.041667  69.613 0.000
 46.041667  46.083333 999.999 0.999
 46.083333  46.125000  70.674 0.000
 46.125000  46.166667  68.711 0.000
 46.166667  46.208333 999.999 0.999
 46.208333  46.250000  69.110 0.000
 46.250000  46.291667  72.635 0.000
 46.291667  46.333333  73.926 0.000
 46.333333  46.375000  74.236 0.000
 46.375000  46.416667 999.999 0.999
 46.416667  46.458333  74.236 0.000
 46.458333  46.500000 999.999 0.999
 46.500000  46.541667  75.506 0.000
 46.541667  46.583333  74.654 0.000
 46.583333  46.625000  75.705 0.000
 46.625000  46.666667  75.514 0.000
 46.666667  46.708333  75.834 0.000
 46.708333  46.750000  73.871 0.000
 46.750000  46.791667  69.172 0.000
 46.791667  46.833333  68.130 0.000
 46.833333  46.875000  69.613 0.000
 46.875000  46.916667  69.202 0.000
 46.916667  46.958333  69.511 0.000
 46.958333  47.000000  67.087 0.000
 47.000000  47.041667 999.999 0.999
 47.041667  47.083333  65.624 0.000
 47.083333  47.125000  65.142 0.000
 47.125000  47.166667 999.999 0.999
 47.166667  47.208333  63.960 0.000
 47.208333  47.250000  65.190 0.000
 47.250000  47.291667  67.584 0.000
 47.291667  47.333333  70.147 0.000
 47.333333  47.375000  70.187 0.000
 47.375000  47.416667  70.696 0.000
 47.416667  47.458333  68.443 0.000
 47.458333  47.500000  73.250 0.000
 47.500000  47.541667  70.765 0.000
 47.541667  47.583333  70.845 0.000
 47.583333  47.625000  70.164 0.000
 47.625000  47.666667  71.315 0.000
 47.666667  47.708333  72.785 0.000
 47.708333  47.750000  74.899 0.000
 47.750000  47.791667  74.798 0.000
 47.791667  47.833333  74.177 0.000
 47.833333  47.875000  72.072 0.000
 47.875000  47.916667  69.979 0.000
 47.916667  47.958333  70.149 0.000
 47.958333  48.000000  73.603 0.000
 48.000000  48.041667  71.329 0.000
 48.041667  48.083333 999.999 0.999
 48.083333  48.125000  70.608 0.000
 48.125000  48.166667  70.025 0.000
 48.166667  48.208333 999.999 0.999
 48.208333  48.250000  70.496 0.000
 48.250000  48.291667  70.886 0.000
 48.291667  48.333333  69.633 0.000
 48.333333  48.375000  71.165 0.000
 48.375000  48.416667  73.509 0.000
 48.416667  48.458333  75.409 0.000
 48.458333  48.500000  74.288 0.000
 48.500000  48.541667  74.949 0.000
 48.541667  48.583333  74.797 0.000
 48.583333  48.625000  72.984 0.000
 48.625000  48.666667  72.693 0.000
 48.666667  48.708333  74.156 0.000
 48.708333  48.750000  74.375 0.000
 48.750000  48.791667  75.876 0.000
 48.791667  48.833333  75.025 0.000
 48.833333  48.875000  73.392 0.000
 48.875000  48.916667  71.437 0.000
 48.916667  48.958333  75.383 0.000
 48.958333  49.000000  74.973 0.000
 49.000000  49.041667  76.284 0.000
 49.041667  49.083333  75.361 0.000
 49.083333  49.125000 999.999 0.999
 49.125000  49.166667  74.790 0.000
 49.166667  49.208333  73.476 0.000
 49.208333  49.250000 999.999 0.999
 49.250000  49.291667  71.794 0.000
 49.291667  49.333333  71.093 0.000
 49.333333  49.375000  69.599 0.000
 49.375000  49.416667  71.692 0.000
 49.416667  49.458333  72.092 0.000
 49.458333  49.500000  71.841 0.000
 49.500000  49.541667 999.999 0.999
 49.541667  49.583333  71.540 0.000
 49.583333  49.625000  70.338 0.000
 49.625000  49.666667  70.766 0.000
 49.666667  49.708333  70.085 0.000
 49.708333  49.750000  70.606 0.000
 49.750000  49.791667  70.535 0.000
 49.791667  49.833333  68.852 0.000
 49.833333  49.875000  67.540 0.000
 49.875000  49.916667  66.438 0.000
 49.916667  49.958333  64.734 0.000
 49.958333  50.000000  63.421 0.000
 50.000000  50.041667 999.999 0.999
 50.041667  50.083333  60.397 0.000
 50.083333  50.125000  60.535 0.000
 50.125000  50.166667 999.999 0.999
 50.166667  50.208333  62.027 0.000
 50.208333  50.250000  63.018 0.000
 50.250000  50.291667  62.276 0.000
 50.291667  50.333333  62.025 0.000
 50.333333  50.375000  60.934 0.000
 50.375000  50.416667  61.923 0.000
 50.416667  50.458333  61.012 0.000
 50.458333  50.500000  60.821 0.000
 50.500000  50.541667  62.434 0.000
 50.541667  50.583333  62.091 0.000
 50.583333  50.625000  60.819 0.000
 50.625000  50.666667  61.200 0.000
 50.666667  50.708333  60.768 0.000
 50.708333  50.750000  60.637 0.000
 50.750000  50.791667  62.951 0.000
 50.791667  50.833333  62.310 0.000
 50.833333  50.875000  61.657 0.000
 50.875000  50.916667  62.558 0.000
 50.916667  50.958333  61.557 0.000
 50.958333  51.000000  61.516 0.000
 51.000000  51.041667 999.999 0.999
 51.041667  51.083333  62.446 0.000
 51.083333  51.125000  60.633 0.000
 51.125000  51.166667 999.999 0.999
 51.166667  51.208333  65.779 0.000
 51.208333  51.250000  67.481 0.000
 51.250000  51.291667  67.361 0.000
 51.291667  51.333333  64.795 0.000
 51.333333  51.375000  66.368 0.000
 51.375000  51.416667  68.731 0.000
 51.416667  51.458333  72.827 0.000
 51.458333  51.500000  74.859 0.000
 51.500000  51.541667  76.060 0.000
 51.541667  51.583333  78.965 0.000
 51.583333  51.625000  78.502 0.000
 51.625000  51.666667  74.266 0.000
 51.666667  51.708333  75.167 0.000
 51.708333  51.750000  66.794 0.000
 51.750000  51.791667  65.891 0.000
 51.791667  51.833333  65.280 0.000
 51.833333  51.875000  63.568 0.000
 51.875000  51.916667  68.634 0.000
 51.916667  51.958333  72.389 0.000
 51.958333  52.000000  73.861 0.000
 52.000000  52.041667  73.961 0.000
 52.041667  52.083333 999.999 0.999
 52.083333  52.125000  74.971 0.000
 52.125000  52.166667  73.759 0.000
 52.166667  52.208333 999.999 0.999
 52.208333  52.250000  71.293 0.000
 52.250000  52.291667  71.854 0.000
 52.291667  52.333333  73.827 0.000
 52.333333  52.375000  73.275 0.000
 52.375000  52.416667  72.693 0.000
 52.416667  52.458333  74.746 0.000
 52.458333  52.500000  71.131 0.000
 52.500000  52.541667  71.880 0.000
 52.541667  52.583333  72.481 0.000
 52.583333  52.625000  71.029 0.000
 52.625000  52.666667  67.943 0.000
 52.666667  52.708333  69.955 0.000
 52.708333  52.750000  68.303 0.000
 52.750000  52.791667  66.510 0.000
 52.791667  52.833333  68.201 0.000
 52.833333  52.875000  66.829 0.000
 52.875000  52.916667  64.675 0.000
 52.916667  52.958333  63.884 0.000
 52.958333  53.000000  65.074 0.000
 53.000000  53.041667  68.098 0.000
 53.041667  53.083333  68.950 0.000
 53.083333  53.125000 999.999 0.999
 53.125000  53.166667  69.759 0.000
 53.166667  53.208333  66.704 0.000
 53.208333  53.250000 999.999 0.999
 53.250000  53.291667  73.893 0.000
 53.291667  53.333333  75.836 0.000
 53.333333  53.375000  73.292 0.000
 53.375000  53.416667  67.963 0.000
 53.416667  53.458333  67.752 0.000
 53.458333  53.500000  69.034 0.000
 53.500000  53.541667  67.762 0.000
 53.541667  53.583333  69.253 0.000
 53.583333  53.625000  69.913 0.000
 53.625000  53.666667  73.859 0.000
 53.666667  53.708333  77.885 0.000
 53.708333  53.750000  78.484 0.000
 53.750000  53.791667  76.541 0.000
 53.791667  53.833333  76.621 0.000
 53.833333  53.875000  76.740 0.000
 53.875000  53.916667  78.152 0.000
 53.916667  53.958333  76.549 0.000
 53.958333  54.000000  76.569 0.000
 54.000000  54.041667 999.999 0.999
 54.041667  54.083333  77.899 0.000
 54.083333  54.125000  80.243 0.000
 54.125000  54.166667 999.999 0.999
 54.166667  54.208333  78.979 0.000
 54.208333  54.250000  76.695 0.000
 54.250000  54.291667  76.996 0.000
 54.291667  54.333333  74.691 0.000
 54.333333  54.375000  75.371 0.000
 54.375000  54.416667  75.451 0.000
 54.416667  54.458333  77.044 0.000
 54.458333  54.500000  78.945 0.000
 54.500000  54.541667  79.285 0.000
 54.541667  54.583333  79.956 0.000
 54.583333  54.625000  78.293 0.000
 54.625000  54.666667  76.900 0.000
 54.666667  54.708333  78.462 0.000
 54.708333  54.750000  75.187 0.000
 54.750000  54.791667  77.279 0.000
 54.791667  54.833333  77.789 0.000
 54.833333  54.875000  76.677 0.000
 54.875000  54.916667  73.793 0.000
 54.916667  54.958333  74.983 0.000
 54.958333  55.000000  77.867 0.000
 55.000000  55.041667  77.326 0.000
 55.041667  55.083333 999.999 0.999
 55.083333  55.125000  71.516 0.000
 55.125000  55.166667  71.646 0.000
 55.166667  55.208333 999.999 0.999
 55.208333  55.250000  69.581 0.000
 55.250000  55.291667  70.702 0.000
 55.291667  55.333333  72.415 0.000
 55.333333  55.375000  75.409 0.000
 55.375000  55.416667  80.054 0.000
 55.416667  55.458333  78.262 0.000
 55.458333  55.500000  77.791 0.000
 55.500000  55.541667  79.723 0.000
