ODEfiles/DK0010G08_15/DK0010G.20100101000000.20120420000000.uv_abs.ozone.air.1y.1h.DK01L_O3mon10.DK01L_UV_absorption..nas
45 1001
Kemp, Kaare
DK01L, National Environmental Research Institute, NERI, , "P.O.Box 358, Fredriksborgvei 399, DK-4000 Roskilde, Denmark", , , , 
Kemp, Kaare
AMAP EMEP GAW-WDCRG
1 1
2010 01 01 2012 04 20
0
days from file reference point
3
1 1 1
999.999999 999.999 9.999
end_time of measurement, days from the file reference point
ozone, ug/m3
numflag ozone, no unit
0
28
Data definition:              EBAS_1.1
Set type code:                TI
Timezone:                     UTC
File name:                    DK0010G.20100101000000.20120420000000.uv_abs.ozone.air.1y.1h.DK01L_O3mon10.DK01L_UV_absorption..nas
File creation:                20190910074041
Startdate:                    20100101000000
Revision date:                20120420000000
Statistics:                   arithmetic mean
Data level:                   
Period code:                  1y
Resolution code:              1h
Station code:                 DK0010G
Platform code:                DK0010S
Station name:                 Villum Research Station, Station Nord
Station latitude:             81.6
Station longitude:            -16.67
Station altitude:             20.0m
Regime:                       IMG
Component:                    ozone
Unit:                         ug/m3
Matrix:                       air
Instrument type:              uv_abs
Laboratory code:              DK01L
Instrument name:              O3mon10
Method ref:                   DK01L_UV_absorption
Originator:                   Kemp, Kaare, , , , , , , , , 
Submitter:                    Kemp, Kaare, , , , , , , , , 
starttime endtime O3 flag_O3
[from data line 3556]
148.166991 148.207998 999.999 0.456
148.207998 148.250000 999.999 0.456
148.250000 148.291991 999.999 0.456
148.291991 148.332998 999.999 0.456
148.332998 148.375000 999.999 0.456
148.375000 148.416991 999.999 0.456
148.416991 148.457998 999.999 0.456
148.457998 148.500000 999.999 0.456
148.500000 148.541991 999.999 0.456
148.541991 148.582998 999.999 0.456
148.582998 148.625000 999.999 0.456
148.625000 148.666991 999.999 0.456
148.666991 148.707998 999.999 0.456
148.707998 148.750000 999.999 0.456
148.750000 148.791991 999.999 0.456
148.791991 148.832998 999.999 0.456
148.832998 148.875000 999.999 0.456
148.875000 148.916991 999.999 0.456
148.916991 148.957998 999.999 0.456
148.957998 149.000000 999.999 0.456
149.000000 149.041991 999.999 0.456
149.041991 149.082998 999.999 0.456
149.082998 149.125000 999.999 0.456
149.125000 149.166991 999.999 0.456
149.166991 149.207998 999.999 0.456
149.207998 149.250000 999.999 0.456
149.250000 149.291991 999.999 0.456
149.291991 149.332998 999.999 0.456
149.332998 149.375000 999.999 0.456
149.375000 149.416991 999.999 0.456
149.416991 149.457998 999.999 0.456
149.457998 149.500000 999.999 0.456
149.500000 149.541991 999.999 0.456
149.541991 149.582998 999.999 0.456
149.582998 149.625000 999.999 0.456
149.625000 149.666991 999.999 0.456
149.666991 149.707998 999.999 0.456
149.707998 149.750000 999.999 0.456
149.750000 149.791991 999.999 0.456
149.791991 149.832998 999.999 0.456
149.832998 149.875000 999.999 0.456
149.875000 149.916991 999.999 0.456
149.916991 149.957998 999.999 0.456
149.957998 150.000000 999.999 0.456
150.000000 150.041991 999.999 0.456
150.041991 150.082998 999.999 0.456
150.082998 150.125000 999.999 0.456
150.125000 150.166991 999.999 0.456
150.166991 150.207998 999.999 0.456
150.207998 150.250000 999.999 0.456
150.250000 150.291991 999.999 0.456
150.291991 150.332998 999.999 0.456
150.332998 150.375000 999.999 0.456
150.375000 150.416991 999.999 0.456
150.416991 150.457998 999.999 0.456
150.457998 150.500000 999.999 0.456
150.500000 150.541991 999.999 0.456
150.541991 150.582998 999.999 0.456
150.582998 150.625000 999.999 0.456
150.625000 150.666991 999.999 0.456
150.666991 150.707998 999.999 0.456
150.707998 150.750000 999.999 0.456
150.750000 150.791991 999.999 0.456
150.791991 150.832998 999.999 0.456
150.832998 150.875000 999.999 0.456
150.875000 150.916991 999.999 0.456
150.916991 150.957998 999.999 0.456
150.957998 151.000000 999.999 0.456
151.000000 151.041991 999.999 0.456
151.041991 151.082998 999.999 0.456
151.082998 151.125000 999.999 0.456
151.125000 151.166991 999.999 0.456
151.166991 151.207998 999.999 0.456
151.207998 151.250000 999.999 0.456
151.250000 151.291991 999.999 0.456
151.291991 151.332998 999.999 0.456
151.332998 151.375000 999.999 0.456
151.375000 151.416991 999.999 0.456
151.416991 151.457998 999.999 0.456
151.457998 151.500000 999.999 0.456
151.500000 151.541991 999.999 0.456
151.541991 151.582998 999.999 0.456
151.582998 151.625000 999.999 0.456
151.625000 151.666991 999.999 0.456
151.666991 151.707998 999.999 0.456
151.707998 151.750000 999.999 0.456
151.750000 151.791991 999.999 0.456
151.791991 151.832998 999.999 0.456
151.832998 151.875000 999.999 0.456
151.875000 151.916991 999.999 0.456
151.916991 151.957998 999.999 0.456
151.957998 152.000000 999.999 0.456
152.000000 152.041991 999.999 0.456
152.041991 152.082998 999.999 0.456
152.082998 152.125000 999.999 0.456
152.125000 152.166991 999.999 0.456
152.166991 152.207998 999.999 0.456
152.207998 152.250000 999.999 0.456
152.250000 152.291991 999.999 0.456
152.291991 152.332998 999.999 0.456
152.332998 152.375000 999.999 0.456
152.375000 152.416991 999.999 0.456
152.416991 152.457998 999.999 0.456
152.457998 152.500000 999.999 0.456
152.500000 152.541991 999.999 0.456
152.541991 152.582998 999.999 0.456
152.582998 152.625000 999.999 0.456
152.625000 152.666991 999.999 0.456
152.666991 152.707998 999.999 0.456
152.707998 152.750000 999.999 0.456
152.750000 152.791991 999.999 0.456
152.791991 152.832998 999.999 0.456
152.832998 152.875000 999.999 0.456
152.875000 152.916991 999.999 0.456
152.916991 152.957998 999.999 0.456
152.957998 153.000000 999.999 0.456
153.000000 153.041991 999.999 0.456
153.041991 153.082998 999.999 0.456
153.082998 153.125000 999.999 0.456
153.125000 153.166991 999.999 0.456
153.166991 153.207998 999.999 0.456
153.207998 153.250000 999.999 0.456
153.250000 153.291991 999.999 0.456
153.291991 153.332998 999.999 0.456
153.332998 153.375000 999.999 0.456
153.375000 153.416991 999.999 0.456
153.416991 153.457998 999.999 0.456
153.457998 153.500000 999.999 0.456
153.500000 153.541991 999.999 0.456
153.541991 153.582998 999.999 0.456
153.582998 153.625000 999.999 0.456
153.625000 153.666991 999.999 0.456
153.666991 153.707998 999.999 0.456
153.707998 153.750000 999.999 0.456
153.750000 153.791991 999.999 0.456
153.791991 153.832998 999.999 0.456
153.832998 153.875000 999.999 0.456
153.875000 153.916991 999.999 0.456
153.916991 153.957998 999.999 0.456
153.957998 154.000000 999.999 0.456
154.000000 154.041991 999.999 0.456
154.041991 154.082998 999.999 0.456
154.082998 154.125000 999.999 0.456
154.125000 154.166991 999.999 0.456
154.166991 154.207998 999.999 0.456
154.207998 154.250000 999.999 0.456
154.250000 154.291991 999.999 0.456
154.291991 154.332998 999.999 0.456
154.332998 154.375000 999.999 0.456
154.375000 154.416991 999.999 0.456
154.416991 154.457998 999.999 0.456
154.457998 154.500000 999.999 0.456
154.500000 154.541991 999.999 0.456
154.541991 154.582998 999.999 0.456
154.582998 154.625000 999.999 0.456
154.625000 154.666991 999.999 0.456
154.666991 154.707998 999.999 0.456
154.707998 154.750000 999.999 0.456
154.750000 154.791991 999.999 0.456
154.791991 154.832998 999.999 0.456
154.832998 154.875000 999.999 0.456
154.875000 154.916991 999.999 0.456
154.916991 154.957998 999.999 0.456
154.957998 155.000000 999.999 0.456
155.000000 155.041991 999.999 0.456
155.041991 155.082998 999.999 0.456
155.082998 155.125000 999.999 0.456
155.125000 155.166991 999.999 0.456
155.166991 155.207998 999.999 0.456
155.207998 155.250000 999.999 0.456
155.250000 155.291991 999.999 0.456
155.291991 155.332998 999.999 0.456
155.332998 155.375000 999.999 0.456
155.375000 155.416991 999.999 0.456
155.416991 155.457998 999.999 0.456
155.457998 155.500000 999.999 0.456
155.500000 155.541991 999.999 0.456
155.541991 155.582998 999.999 0.456
155.582998 155.625000 999.999 0.456
155.625000 155.666991 999.999 0.456
155.666991 155.707998 999.999 0.456
155.707998 155.750000 999.999 0.456
155.750000 155.791991 999.999 0.456
155.791991 155.832998 999.999 0.456
155.832998 155.875000 999.999 0.456
155.875000 155.916991 999.999 0.456
155.916991 155.957998 999.999 0.456
155.957998 156.000000 999.999 0.456
156.000000 156.041991 999.999 0.456
156.041991 156.082998 999.999 0.456
156.082998 156.125000 999.999 0.456
156.125000 156.166991 999.999 0.456
156.166991 156.207998 999.999 0.456
156.207998 156.250000 999.999 0.456
156.250000 156.291991 999.999 0.456
156.291991 156.332998 999.999 0.456
156.332998 156.375000 999.999 0.456
156.375000 156.416991 999.999 0.456
156.416991 156.457998 999.999 0.456
156.457998 156.500000 999.999 0.456
156.500000 156.541991 999.999 0.456
156.541991 156.582998 999.999 0.456
156.582998 156.625000 999.999 0.456
156.625000 156.666991 999.999 0.456
156.666991 156.707998 999.999 0.456
156.707998 156.750000 999.999 0.456
156.750000 156.791991 999.999 0.456
156.791991 156.832998 999.999 0.456
156.832998 156.875000 999.999 0.456
156.875000 156.916991 999.999 0.456
156.916991 156.957998 999.999 0.456
156.957998 157.000000 999.999 0.456
157.000000 157.041991 999.999 0.456
157.041991 157.082998 999.999 0.456
157.082998 157.125000 999.999 0.456
157.125000 157.166991 999.999 0.456
157.166991 157.207998 999.999 0.456
157.207998 157.250000 999.999 0.456
157.250000 157.291991 999.999 0.456
157.291991 157.332998 999.999 0.456
157.332998 157.375000 999.999 0.456
157.375000 157.416991 999.999 0.456
157.416991 157.457998 999.999 0.456
157.457998 157.500000 999.999 0.456
157.500000 157.541991 999.999 0.456
157.541991 157.582998 999.999 0.456
157.582998 157.625000 999.999 0.456
157.625000 157.666991 999.999 0.456
157.666991 157.707998 999.999 0.456
157.707998 157.750000 999.999 0.456
157.750000 157.791991 999.999 0.456
157.791991 157.832998 999.999 0.456
157.832998 157.875000 999.999 0.456
157.875000 157.916991 999.999 0.456
157.916991 157.957998 999.999 0.456
157.957998 158.000000 999.999 0.456
158.000000 158.041991  10.271 0.000
158.041991 158.082998 999.999 0.456
158.082998 158.125000   7.342 0.000
158.125000 158.166991   6.223 0.000
158.166991 158.207998 999.999 0.456
158.207998 158.250000   6.483 0.000
158.250000 158.291991   6.693 0.000
158.291991 158.332998   6.523 0.000
158.332998 158.375000   6.903 0.000
158.375000 158.416991   6.633 0.000
158.416991 158.457998   7.212 0.000
158.457998 158.500000   7.422 0.000
158.500000 158.541991   7.532 0.000
158.541991 158.582998   8.772 0.000
158.582998 158.625000  10.871 0.000
158.625000 158.666991   9.901 0.000
158.666991 158.707998   9.621 0.000
158.707998 158.750000  10.021 0.000
158.750000 158.791991  10.091 0.000
158.791991 158.832998  10.111 0.000
158.832998 158.875000  10.511 0.000
158.875000 158.916991  10.471 0.000
158.916991 158.957998  11.990 0.000
158.957998 159.000000  14.279 0.000
159.000000 159.041991  15.208 0.000
159.041991 159.082998 999.999 0.456
159.082998 159.125000 999.999 0.456
159.125000 159.166991  14.039 0.000
159.166991 159.207998 999.999 0.456
159.207998 159.250000  12.730 0.000
159.250000 159.291991  16.868 0.000
159.291991 159.332998  20.556 0.000
159.332998 159.375000  22.835 0.000
159.375000 159.416991  29.821 0.000
159.416991 159.457998  32.540 0.000
159.457998 159.500000  30.931 0.000
159.500000 159.541991  30.061 0.000
159.541991 159.582998  28.482 0.000
159.582998 159.625000  27.772 0.000
159.625000 159.666991  28.412 0.000
159.666991 159.707998  29.051 0.000
159.707998 159.750000  29.141 0.000
159.750000 159.791991  29.701 0.000
159.791991 159.832998  32.190 0.000
159.832998 159.875000  34.939 0.000
159.875000 159.916991  38.237 0.000
159.916991 159.957998  40.216 0.000
159.957998 160.000000  40.436 0.000
160.000000 160.041991  42.375 0.000
160.041991 160.082998  43.314 0.000
160.082998 160.125000 999.999 0.456
160.125000 160.166991  45.223 0.000
160.166991 160.207998 999.999 0.456
160.207998 160.250000  45.783 0.000
160.250000 160.291991  46.183 0.000
160.291991 160.332998  46.133 0.000
160.332998 160.375000  44.144 0.000
160.375000 160.416991  45.853 0.000
160.416991 160.457998  47.482 0.000
160.457998 160.500000  47.762 0.000
160.500000 160.541991  47.942 0.000
160.541991 160.582998  49.481 0.000
160.582998 160.625000  52.940 0.000
160.625000 160.666991  53.059 0.000
160.666991 160.707998  54.549 0.000
160.707998 160.750000  55.568 0.000
160.750000 160.791991  56.178 0.000
160.791991 160.832998  56.188 0.000
160.832998 160.875000  55.988 0.000
160.875000 160.916991  55.668 0.000
160.916991 160.957998  55.988 0.000
160.957998 161.000000  55.388 0.000
161.000000 161.041991  55.398 0.000
161.041991 161.082998 999.999 0.456
161.082998 161.125000  56.468 0.000
161.125000 161.166991  56.788 0.000
161.166991 161.207998 999.999 0.456
161.207998 161.250000  58.867 0.000
161.250000 161.291991  59.676 0.000
161.291991 161.332998  59.536 0.000
161.332998 161.375000  61.225 0.000
161.375000 161.416991  60.666 0.000
161.416991 161.457998  62.585 0.000
161.457998 161.500000  63.514 0.000
161.500000 161.541991  62.865 0.000
161.541991 161.582998  63.504 0.000
161.582998 161.625000  63.584 0.000
161.625000 161.666991  64.304 0.000
161.666991 161.707998  64.404 0.000
161.707998 161.750000  64.524 0.000
161.750000 161.791991  63.554 0.000
161.791991 161.832998  61.275 0.000
161.832998 161.875000  60.376 0.000
161.875000 161.916991  60.876 0.000
161.916991 161.957998  59.186 0.000
161.957998 162.000000  60.236 0.000
162.000000 162.041991  61.515 0.000
162.041991 162.082998  60.576 0.000
162.082998 162.125000 999.999 0.456
162.125000 162.166991  63.724 0.000
162.166991 162.207998  63.464 0.000
162.207998 162.250000 999.999 0.456
162.250000 162.291991  67.302 0.000
162.291991 162.332998  65.703 0.000
162.332998 162.375000  53.659 0.000
162.375000 162.416991  37.497 0.000
162.416991 162.457998  37.507 0.000
162.457998 162.500000  58.157 0.000
162.500000 162.541991  60.066 0.000
162.541991 162.582998  62.075 0.000
162.582998 162.625000  63.314 0.000
162.625000 162.666991  58.967 0.000
162.666991 162.707998  62.754 0.000
162.707998 162.750000  61.613 0.000
162.750000 162.791991  60.794 0.000
162.791991 162.832998  60.124 0.000
162.832998 162.875000  55.596 0.000
162.875000 162.916991  49.149 0.000
162.916991 162.957998  52.838 0.000
162.957998 163.000000  52.588 0.000
163.000000 163.041991  53.587 0.000
163.041991 163.082998  56.666 0.000
163.082998 163.125000  53.447 0.000
163.125000 163.166991 999.999 0.456
163.166991 163.207998  48.180 0.000
163.207998 163.250000  43.902 0.000
163.250000 163.291991 999.999 0.456
163.291991 163.332998  41.923 0.000
163.332998 163.375000  41.693 0.000
163.375000 163.416991  41.543 0.000
163.416991 163.457998  41.443 0.000
163.457998 163.500000  41.933 0.000
163.500000 163.541991  42.903 0.000
163.541991 163.582998  44.022 0.000
163.582998 163.625000  46.081 0.000
163.625000 163.666991  47.680 0.000
163.666991 163.707998  44.972 0.000
163.707998 163.750000  44.352 0.000
163.750000 163.791991  44.562 0.000
163.791991 163.832998  46.191 0.000
163.832998 163.875000  47.080 0.000
163.875000 163.916991  49.469 0.000
163.916991 163.957998  56.666 0.000
163.957998 164.000000  56.646 0.000
164.000000 164.041991  53.087 0.000
164.041991 164.082998 999.999 0.456
164.082998 164.125000  62.683 0.000
164.125000 164.166991  67.930 0.000
164.166991 164.207998 999.999 0.456
164.207998 164.250000  75.186 0.000
164.250000 164.291991  72.088 0.000
164.291991 164.332998  71.058 0.000
164.332998 164.375000  67.750 0.000
164.375000 164.416991  65.951 0.000
164.416991 164.457998  65.131 0.000
164.457998 164.500000  62.343 0.000
164.500000 164.541991  60.084 0.000
164.541991 164.582998  57.655 0.000
164.582998 164.625000  57.625 0.000
164.625000 164.666991  53.957 0.000
164.666991 164.707998  53.137 0.000
164.707998 164.750000  54.007 0.000
164.750000 164.791991  53.287 0.000
164.791991 164.832998  51.578 0.000
164.832998 164.875000  54.867 0.000
164.875000 164.916991  51.458 0.000
164.916991 164.957998  51.868 0.000
164.957998 165.000000  52.868 0.000
165.000000 165.041991  51.728 0.000
165.041991 165.082998  49.849 0.000
165.082998 165.125000 999.999 0.456
165.125000 165.166991  49.719 0.000
165.166991 165.207998  50.329 0.000
165.207998 165.250000 999.999 0.456
165.250000 165.291991  52.918 0.000
165.291991 165.332998  51.918 0.000
165.332998 165.375000  54.057 0.000
165.375000 165.416991  54.627 0.000
165.416991 165.457998  55.486 0.000
165.457998 165.500000  54.817 0.000
165.500000 165.541991  53.987 0.000
165.541991 165.582998  54.247 0.000
165.582998 165.625000  49.849 0.000
165.625000 165.666991  47.430 0.000
165.666991 165.707998  52.328 0.000
165.707998 165.750000  51.618 0.000
165.750000 165.791991  52.358 0.000
165.791991 165.832998  52.997 0.000
165.832998 165.875000  53.007 0.000
165.875000 165.916991  51.898 0.000
165.916991 165.957998  50.219 0.000
165.957998 166.000000  50.569 0.000
166.000000 166.041991  49.999 0.000
166.041991 166.082998  49.769 0.000
166.082998 166.125000  50.959 0.000
166.125000 166.166991 999.999 0.456
166.166991 166.207998  57.755 0.000
166.207998 166.250000  60.294 0.000
166.250000 166.291991 999.999 0.456
166.291991 166.332998  64.092 0.000
166.332998 166.375000  64.552 0.000
166.375000 166.416991  65.981 0.000
166.416991 166.457998  65.261 0.000
166.457998 166.500000  59.114 0.000
166.500000 166.541991  50.919 0.000
166.541991 166.582998  50.019 0.000
166.582998 166.625000  51.058 0.000
166.625000 166.666991  48.350 0.000
