ODEfiles/DK0010G08_15/DK0010G.20120101000000.20140320000000.uv_abs.ozone.air.1y.1h.DK01L_O3mon10.DK01L_UV_absorption..nas
45 1001
Keller, Rune
DK01L, National Environmental Research Institute, NERI, , "P.O.Box 358, Fredriksborgvei 399, DK-4000 Roskilde, Denmark", , , , 
Keller, Rune
AMAP EMEP GAW-WDCRG
1 1
2012 01 01 2014 03 20
0
days from file reference point
3
1 1 1
999.999999 999.999 9.999
end_time of measurement, days from the file reference point
ozone, ug/m3
numflag ozone, no unit
0
28
Data definition:              EBAS_1.1
Set type code:                TI
Timezone:                     UTC
File name:                    DK0010G.20120101000000.20140320000000.uv_abs.ozone.air.1y.1h.DK01L_O3mon10.DK01L_UV_absorption..nas
File creation:                20190910074042
Startdate:                    20120101000000
Revision date:                20140320000000
Statistics:                   arithmetic mean
Data level:                   
Period code:                  1y
Resolution code:              1h
Station code:                 DK0010G
Platform code:                DK0010S
Station name:                 Villum Research Station, Station Nord
Station latitude:             81.6
Station longitude:            -16.67
Station altitude:             20.0m
Regime:                       IMG
Component:                    ozone
Unit:                         ug/m3
Matrix:                       air
Instrument type:              uv_abs
Laboratory code:              DK01L
Instrument name:              O3mon10
Method ref:                   DK01L_UV_absorption
Originator:                   Keller, Rune, , , , , , , , , 
Submitter:                    Keller, Rune, , , , , , , , , 
starttime endtime O3 flag_O3
[from data line 8445]
351.875000 351.916991  72.412 0.000
351.916991 351.957998  72.122 0.000
351.957998 352.000000  72.482 0.000
352.000000 352.041991  71.762 0.000
352.041991 352.082998  71.940 0.000
352.082998 352.125000 999.999 0.999
352.125000 352.166991  73.979 0.000
352.166991 352.207998  73.609 0.000
352.207998 352.250000 999.999 0.999
352.250000 352.291991  72.750 0.000
352.291991 352.332998  73.519 0.000
352.332998 352.375000  73.519 0.000
352.375000 352.416991  73.859 0.000
352.416991 352.457998  73.589 0.000
352.457998 352.500000  73.279 0.000
352.500000 352.541991  72.730 0.000
352.541991 352.582998  72.520 0.000
352.582998 352.625000  73.509 0.000
352.625000 352.666991  74.419 0.000
352.666991 352.707998  74.139 0.000
352.707998 352.750000  73.869 0.000
352.750000 352.791991  72.490 0.000
352.791991 352.832998  72.840 0.000
352.832998 352.875000  73.419 0.000
352.875000 352.916991  73.719 0.000
352.916991 352.957998  73.419 0.000
352.957998 353.000000  73.249 0.000
353.000000 353.041991  73.287 0.000
353.041991 353.082998  73.067 0.000
353.082998 353.125000  72.868 0.000
353.125000 353.166991 999.999 0.999
353.166991 353.207998  72.188 0.000
353.207998 353.250000  72.598 0.000
353.250000 353.291991 999.999 0.999
353.291991 353.332998  72.508 0.000
353.332998 353.375000  72.688 0.000
353.375000 353.416991  72.118 0.000
353.416991 353.457998  72.958 0.000
353.457998 353.500000  71.988 0.000
353.500000 353.541991  72.448 0.000
353.541991 353.582998  72.778 0.000
353.582998 353.625000  73.157 0.000
353.625000 353.666991  72.308 0.000
353.666991 353.707998  71.698 0.000
353.707998 353.750000  72.228 0.000
353.750000 353.791991  72.118 0.000
353.791991 353.832998  70.709 0.000
353.832998 353.875000  73.837 0.000
353.875000 353.916991  74.527 0.000
353.916991 353.957998  73.767 0.000
353.957998 354.000000  73.386 0.000
354.000000 354.041991  72.816 0.000
354.041991 354.082998 999.999 0.999
354.082998 354.125000  70.827 0.000
354.125000 354.166991  71.736 0.000
354.166991 354.207998 999.999 0.999
354.207998 354.250000  72.346 0.000
354.250000 354.291991  71.846 0.000
354.291991 354.332998  72.106 0.000
354.332998 354.375000  72.396 0.000
354.375000 354.416991  71.326 0.000
354.416991 354.457998  71.196 0.000
354.457998 354.500000  70.477 0.000
354.500000 354.541991  71.166 0.000
354.541991 354.582998  72.866 0.000
354.582998 354.625000  69.547 0.000
354.625000 354.666991  68.938 0.000
354.666991 354.707998  69.857 0.000
354.707998 354.750000  68.628 0.000
354.750000 354.791991  68.308 0.000
354.791991 354.832998  66.269 0.000
354.832998 354.875000  65.209 0.000
354.875000 354.916991  64.950 0.000
354.916991 354.957998  65.388 0.000
354.957998 355.000000  66.027 0.000
355.000000 355.041991  66.407 0.000
355.041991 355.082998  66.437 0.000
355.082998 355.125000 999.999 0.999
355.125000 355.166991  66.567 0.000
355.166991 355.207998  66.877 0.000
355.207998 355.250000 999.999 0.999
355.250000 355.291991  67.286 0.000
355.291991 355.332998  69.665 0.000
355.332998 355.375000  73.043 0.000
355.375000 355.416991  72.014 0.000
355.416991 355.457998  73.413 0.000
355.457998 355.500000  73.813 0.000
355.500000 355.541991  74.313 0.000
355.541991 355.582998  68.016 0.000
355.582998 355.625000  74.713 0.000
355.625000 355.666991  74.593 0.000
355.666991 355.707998  74.483 0.000
355.707998 355.750000  74.213 0.000
355.750000 355.791991  73.693 0.000
355.791991 355.832998  74.213 0.000
355.832998 355.875000  73.893 0.000
355.875000 355.916991  73.582 0.000
355.916991 355.957998  72.872 0.000
355.957998 356.000000  68.924 0.000
356.000000 356.041991  68.664 0.000
356.041991 356.082998  67.844 0.000
356.082998 356.125000  67.124 0.000
356.125000 356.166991 999.999 0.999
356.166991 356.207998  68.564 0.000
356.207998 356.250000  68.344 0.000
356.250000 356.291991 999.999 0.999
356.291991 356.332998  71.822 0.000
356.332998 356.375000  72.572 0.000
356.375000 356.416991  71.792 0.000
356.416991 356.457998  72.222 0.000
356.457998 356.500000  73.231 0.000
356.500000 356.541991  73.271 0.000
356.541991 356.582998  73.491 0.000
356.582998 356.625000  73.431 0.000
356.625000 356.666991  72.942 0.000
356.666991 356.707998  72.892 0.000
356.707998 356.750000  73.221 0.000
356.750000 356.791991  73.091 0.000
356.791991 356.832998  73.651 0.000
356.832998 356.875000  73.961 0.000
356.875000 356.916991  74.579 0.000
356.916991 356.957998  74.899 0.000
356.957998 357.000000  74.199 0.000
357.000000 357.041991  73.919 0.000
357.041991 357.082998 999.999 0.999
357.082998 357.125000  74.309 0.000
357.125000 357.166991  74.419 0.000
357.166991 357.207998 999.999 0.999
357.207998 357.250000  73.559 0.000
357.250000 357.291991  73.509 0.000
357.291991 357.332998  73.669 0.000
357.332998 357.375000  74.209 0.000
357.375000 357.416991  73.909 0.000
357.416991 357.457998  74.399 0.000
357.457998 357.500000  74.968 0.000
357.500000 357.541991  74.759 0.000
357.541991 357.582998  74.229 0.000
357.582998 357.625000  74.609 0.000
357.625000 357.666991  75.138 0.000
357.666991 357.707998  71.410 0.000
357.707998 357.750000  73.209 0.000
357.750000 357.791991  73.489 0.000
357.791991 357.832998  73.539 0.000
357.832998 357.875000  74.657 0.000
357.875000 357.916991  74.107 0.000
357.916991 357.957998  72.778 0.000
357.957998 358.000000  72.898 0.000
358.000000 358.041991  72.768 0.000
358.041991 358.082998  72.708 0.000
358.082998 358.125000 999.999 0.999
358.125000 358.166991  68.410 0.000
358.166991 358.207998  65.841 0.000
358.207998 358.250000 999.999 0.999
358.250000 358.291991  61.983 0.000
358.291991 358.332998  61.213 0.000
358.332998 358.375000  62.333 0.000
358.375000 358.416991  62.743 0.000
358.416991 358.457998  62.853 0.000
358.457998 358.500000  62.023 0.000
358.500000 358.541991  62.803 0.000
358.541991 358.582998  64.172 0.000
358.582998 358.625000  62.523 0.000
358.625000 358.666991  63.732 0.000
358.666991 358.707998  63.752 0.000
358.707998 358.750000  63.032 0.000
358.750000 358.791991  61.383 0.000
358.791991 358.832998  60.242 0.000
358.832998 358.875000  59.842 0.000
358.875000 358.916991  60.352 0.000
358.916991 358.957998  60.912 0.000
358.957998 359.000000  60.592 0.000
359.000000 359.041991  59.822 0.000
359.041991 359.082998  62.691 0.000
359.082998 359.125000  64.290 0.000
359.125000 359.166991 999.999 0.999
359.166991 359.207998  64.860 0.000
359.207998 359.250000  62.581 0.000
359.250000 359.291991 999.999 0.999
359.291991 359.332998  62.980 0.000
359.332998 359.375000  61.961 0.000
359.375000 359.416991  61.981 0.000
359.416991 359.457998  62.561 0.000
359.457998 359.500000  61.331 0.000
359.500000 359.541991  62.601 0.000
359.541991 359.582998  63.010 0.000
359.582998 359.625000  62.831 0.000
359.625000 359.666991  62.461 0.000
359.666991 359.707998  62.821 0.000
359.707998 359.750000  63.390 0.000
359.750000 359.791991  63.589 0.000
359.791991 359.832998  63.388 0.000
359.832998 359.875000  62.889 0.000
359.875000 359.916991  63.088 0.000
359.916991 359.957998  63.028 0.000
359.957998 360.000000  63.588 0.000
360.000000 360.041991  64.428 0.000
360.041991 360.082998 999.999 0.999
360.082998 360.125000  66.617 0.000
360.125000 360.166991  66.567 0.000
360.166991 360.207998 999.999 0.999
360.207998 360.250000  62.579 0.000
360.250000 360.291991  62.749 0.000
360.291991 360.332998  62.179 0.000
360.332998 360.375000  61.469 0.000
360.375000 360.416991  61.119 0.000
360.416991 360.457998  61.649 0.000
360.457998 360.500000  64.238 0.000
360.500000 360.541991  64.348 0.000
360.541991 360.582998  63.988 0.000
360.582998 360.625000  64.748 0.000
360.625000 360.666991  64.788 0.000
360.666991 360.707998  65.477 0.000
360.707998 360.750000  64.797 0.000
360.750000 360.791991  64.726 0.000
360.791991 360.832998  63.976 0.000
360.832998 360.875000  65.265 0.000
360.875000 360.916991  65.425 0.000
360.916991 360.957998  65.415 0.000
360.957998 361.000000  64.396 0.000
361.000000 361.041991  65.075 0.000
361.041991 361.082998  64.666 0.000
361.082998 361.125000 999.999 0.999
361.125000 361.166991  64.016 0.000
361.166991 361.207998  62.937 0.000
361.207998 361.250000 999.999 0.999
361.250000 361.291991  58.149 0.000
361.291991 361.332998  58.659 0.000
361.332998 361.375000  61.167 0.000
361.375000 361.416991  61.327 0.000
361.416991 361.457998  62.507 0.000
361.457998 361.500000  61.607 0.000
361.500000 361.541991  59.518 0.000
361.541991 361.582998  61.277 0.000
361.582998 361.625000  59.238 0.000
361.625000 361.666991  57.239 0.000
361.666991 361.707998  56.239 0.000
361.707998 361.750000  56.278 0.000
361.750000 361.791991  56.328 0.000
361.791991 361.832998  55.118 0.000
361.832998 361.875000  54.769 0.000
361.875000 361.916991  54.739 0.000
361.916991 361.957998  55.428 0.000
361.957998 362.000000  57.197 0.000
362.000000 362.041991  57.647 0.000
362.041991 362.082998  57.997 0.000
362.082998 362.125000  57.737 0.000
362.125000 362.166991 999.999 0.999
362.166991 362.207998  57.377 0.000
362.207998 362.250000  58.537 0.000
362.250000 362.291991 999.999 0.999
362.291991 362.332998  59.706 0.000
362.332998 362.375000  60.586 0.000
362.375000 362.416991  60.726 0.000
362.416991 362.457998  60.686 0.000
362.457998 362.500000  61.035 0.000
362.500000 362.541991  60.956 0.000
362.541991 362.582998  61.095 0.000
362.582998 362.625000  61.685 0.000
362.625000 362.666991  61.285 0.000
362.666991 362.707998  61.173 0.000
362.707998 362.750000  62.013 0.000
362.750000 362.791991  61.953 0.000
362.791991 362.832998  61.763 0.000
362.832998 362.875000  62.203 0.000
362.875000 362.916991  61.623 0.000
362.916991 362.957998  60.754 0.000
362.957998 363.000000  60.764 0.000
363.000000 363.041991  60.614 0.000
363.041991 363.082998 999.999 0.999
363.082998 363.125000  60.654 0.000
363.125000 363.166991  61.153 0.000
363.166991 363.207998 999.999 0.999
363.207998 363.250000  62.073 0.000
363.250000 363.291991  62.733 0.000
363.291991 363.332998  63.172 0.000
363.332998 363.375000  64.232 0.000
363.375000 363.416991  64.662 0.000
363.416991 363.457998  65.531 0.000
363.457998 363.500000  65.821 0.000
363.500000 363.541991  65.921 0.000
363.541991 363.582998  66.671 0.000
363.582998 363.625000  67.040 0.000
363.625000 363.666991  67.838 0.000
363.666991 363.707998  62.701 0.000
363.707998 363.750000  60.002 0.000
363.750000 363.791991  60.262 0.000
363.791991 363.832998  59.042 0.000
363.832998 363.875000  58.972 0.000
363.875000 363.916991  59.362 0.000
363.916991 363.957998  57.683 0.000
363.957998 364.000000  58.513 0.000
364.000000 364.041991  57.463 0.000
364.041991 364.082998  58.473 0.000
364.082998 364.125000 999.999 0.999
364.125000 364.166991  58.453 0.000
364.166991 364.207998  59.542 0.000
364.207998 364.250000 999.999 0.999
364.250000 364.291991  59.122 0.000
364.291991 364.332998  60.072 0.000
364.332998 364.375000  60.422 0.000
364.375000 364.416991  60.642 0.000
364.416991 364.457998  60.902 0.000
364.457998 364.500000  61.131 0.000
364.500000 364.541991  61.581 0.000
364.541991 364.582998  60.852 0.000
364.582998 364.625000  61.830 0.000
364.625000 364.666991  61.989 0.000
364.666991 364.707998  63.478 0.000
364.707998 364.750000  63.878 0.000
364.750000 364.791991  62.569 0.000
364.791991 364.832998  62.189 0.000
364.832998 364.875000  62.589 0.000
364.875000 364.916991  62.719 0.000
364.916991 364.957998  62.949 0.000
364.957998 365.000000  62.839 0.000
365.000000 365.041991 999.999 0.999
365.041991 365.082998 999.999 0.999
365.082998 365.125000 999.999 0.999
365.125000 365.166991 999.999 0.999
365.166991 365.207998 999.999 0.999
365.207998 365.250000 999.999 0.999
365.250000 365.291991 999.999 0.999
365.291991 365.332998 999.999 0.999
365.332998 365.375000 999.999 0.999
365.375000 365.416991 999.999 0.999
365.416991 365.457998 999.999 0.999
365.457998 365.500000 999.999 0.999
365.500000 365.541991 999.999 0.999
365.541991 365.582998 999.999 0.999
365.582998 365.625000 999.999 0.999
365.625000 365.666991 999.999 0.999
365.666991 365.707998 999.999 0.999
365.707998 365.750000 999.999 0.999
365.750000 365.791991 999.999 0.999
365.791991 365.832998 999.999 0.999
365.832998 365.875000 999.999 0.999
365.875000 365.916991 999.999 0.999
365.916991 365.957998 999.999 0.999
365.957998 366.000000 999.999 0.999
