ODEfiles/DK0010G08_15/DK0010G.20090101000000.20101130000000.uv_abs.ozone.air.1y.1h.DK01L_O3mon10.DK01L_UV_absorption..nas
45 1001
Keller, Rune
DK01L, National Environmental Research Institute, NERI, , "P.O.Box 358, Fredriksborgvei 399, DK-4000 Roskilde, Denmark", , , , 
Keller, Rune
AMAP EMEP
1 1
2009 01 01 2010 11 30
0.041667
days from file reference point
3
1 1 1
999.999999 999.999 9.999
end_time of measurement, days from the file reference point
ozone, ug/m3
numflag ozone, no unit
0
28
Data definition:              EBAS_1.1
Set type code:                TU
Timezone:                     UTC
File name:                    DK0010G.20090101000000.20101130000000.uv_abs.ozone.air.1y.1h.DK01L_O3mon10.DK01L_UV_absorption..nas
File creation:                20190910074040
Startdate:                    20090101000000
Revision date:                20101130000000
Statistics:                   arithmetic mean
Data level:                   
Period code:                  1y
Resolution code:              1h
Station code:                 DK0010G
Platform code:                DK0010S
Station name:                 Villum Research Station, Station Nord
Station latitude:             81.6
Station longitude:            -16.67
Station altitude:             20.0m
Regime:                       IMG
Component:                    ozone
Unit:                         ug/m3
Matrix:                       air
Instrument type:              uv_abs
Laboratory code:              DK01L
Instrument name:              O3mon10
Method ref:                   DK01L_UV_absorption
Originator:                   Keller, Rune, , , , , , , , , 
Submitter:                    Keller, Rune, , , , , , , , , 
starttime endtime O3 flag_O3
[from data line 2667]
111.125000 111.166667   5.610 0.000
111.166667 111.208333 999.999 0.999
111.208333 111.250000   9.580 0.000
111.250000 111.291667  11.124 0.000
111.291667 111.333333  13.670 0.000
111.333333 111.375000  17.700 0.000
111.375000 111.416667  18.392 0.000
111.416667 111.458333  20.046 0.000
111.458333 111.500000  18.001 0.000
111.500000 111.541667  17.821 0.000
111.541667 111.583333  20.948 0.000
111.583333 111.625000 999.999 0.999
111.625000 111.666667   4.678 0.000
111.666667 111.708333  11.324 0.000
111.708333 111.750000  11.505 0.000
111.750000 111.791667  12.896 0.000
111.791667 111.833333  15.733 0.000
111.833333 111.875000  18.340 0.000
111.875000 111.916667  19.964 0.000
111.916667 111.958333  25.398 0.000
111.958333 112.000000  29.929 0.000
112.000000 112.041667  35.834 0.000
112.041667 112.083333 999.999 0.999
112.083333 112.125000  42.581 0.000
112.125000 112.166667 999.999 0.999
112.166667 112.208333  55.102 0.000
112.208333 112.250000  59.132 0.000
112.250000 112.291667  62.751 0.000
112.291667 112.333333  64.526 0.000
112.333333 112.375000  66.481 0.000
112.375000 112.416667  53.889 0.000
112.416667 112.458333  54.290 0.000
112.458333 112.500000  60.375 0.000
112.500000 112.541667  63.362 0.000
112.541667 112.583333  68.283 0.000
112.583333 112.625000  68.504 0.000
112.625000 112.666667  69.376 0.000
112.666667 112.708333  72.774 0.000
112.708333 112.750000  74.830 0.000
112.750000 112.791667  75.722 0.000
112.791667 112.833333  75.551 0.000
112.833333 112.875000  76.734 0.000
112.875000 112.916667  78.248 0.000
112.916667 112.958333  79.571 0.000
112.958333 113.000000  77.937 0.000
113.000000 113.041667 999.999 0.999
113.041667 113.083333  80.323 0.000
113.083333 113.125000  78.308 0.000
113.125000 113.166667  79.992 0.000
113.166667 113.208333 999.999 0.999
113.208333 113.250000  79.591 0.000
113.250000 113.291667  81.015 0.000
113.291667 113.333333  81.876 0.000
113.333333 113.375000  82.056 0.000
113.375000 113.416667  81.905 0.000
113.416667 113.458333  82.146 0.000
113.458333 113.500000  83.319 0.000
113.500000 113.541667  83.188 0.000
113.541667 113.583333  81.825 0.000
113.583333 113.625000  82.397 0.000
113.625000 113.666667  82.537 0.000
113.666667 113.708333  83.229 0.000
113.708333 113.750000  81.013 0.000
113.750000 113.791667  81.554 0.000
113.791667 113.833333  83.118 0.000
113.833333 113.875000  84.572 0.000
113.875000 113.916667  84.321 0.000
113.916667 113.958333  83.880 0.000
113.958333 114.000000  76.522 0.000
114.000000 114.041667  78.477 0.000
114.041667 114.083333 999.999 0.999
114.083333 114.125000  84.611 0.000
114.125000 114.166667  80.891 0.000
114.166667 114.208333  74.154 0.000
114.208333 114.250000 999.999 0.999
114.250000 114.291667  75.818 0.000
114.291667 114.333333  76.430 0.000
114.333333 114.375000  71.237 0.000
114.375000 114.416667  60.680 0.000
114.416667 114.458333  61.081 0.000
114.458333 114.500000  59.968 0.000
114.500000 114.541667  57.502 0.000
114.541667 114.583333  52.840 0.000
114.583333 114.625000  40.520 0.000
114.625000 114.666667  40.409 0.000
114.666667 114.708333  17.432 0.000
114.708333 114.750000   0.640 0.000
114.750000 114.791667  -0.874 0.000
114.791667 114.833333   6.595 0.000
114.833333 114.875000   9.171 0.000
114.875000 114.916667  17.680 0.000
114.916667 114.958333   8.427 0.000
114.958333 115.000000  16.397 0.000
115.000000 115.041667  24.076 0.000
115.041667 115.083333  25.510 0.000
115.083333 115.125000 999.999 0.999
115.125000 115.166667 999.999 0.999
115.166667 115.208333  21.430 0.000
115.208333 115.250000  26.031 0.000
115.250000 115.291667  24.928 0.000
115.291667 115.333333  34.122 0.000
115.333333 115.375000  40.117 0.000
115.375000 115.416667  36.437 0.000
115.416667 115.458333  24.277 0.000
115.458333 115.500000  14.753 0.000
115.500000 115.541667  10.593 0.000
115.541667 115.583333   7.374 0.000
115.583333 115.625000   2.282 0.000
115.625000 115.666667   4.668 0.000
115.666667 115.708333   4.726 0.000
115.708333 115.750000   2.881 0.000
115.750000 115.791667   1.448 0.000
115.791667 115.833333   2.009 0.000
115.833333 115.875000   2.119 0.000
115.875000 115.916667   2.981 0.000
115.916667 115.958333   4.525 0.000
115.958333 116.000000   5.638 0.000
116.000000 116.041667 999.999 0.999
116.041667 116.083333  -0.257 0.000
116.083333 116.125000  -1.199 0.000
116.125000 116.166667  -0.417 0.000
116.166667 116.208333 999.999 0.999
116.208333 116.250000  -0.557 0.000
116.250000 116.291667  -0.818 0.000
116.291667 116.333333  -0.126 0.000
116.333333 116.375000  -0.638 0.000
116.375000 116.416667  -0.718 0.000
116.416667 116.458333  -0.167 0.000
116.458333 116.500000  -0.078 0.000
116.500000 116.541667   1.065 0.000
116.541667 116.583333   0.854 0.000
116.583333 116.625000   0.884 0.000
116.625000 116.666667   0.453 0.000
116.666667 116.708333   0.994 0.000
116.708333 116.750000   0.363 0.000
116.750000 116.791667   0.122 0.000
116.791667 116.833333   0.654 0.000
116.833333 116.875000   3.651 0.000
116.875000 116.916667   1.446 0.000
116.916667 116.958333   0.052 0.000
116.958333 117.000000   0.303 0.000
117.000000 117.041667   0.994 0.000
117.041667 117.083333 999.999 0.999
117.083333 117.125000   5.967 0.000
117.125000 117.166667   4.944 0.000
117.166667 117.208333  17.957 0.000
117.208333 117.250000 999.999 0.999
117.250000 117.291667  34.226 0.000
117.291667 117.333333  18.436 0.000
117.333333 117.375000  17.865 0.000
117.375000 117.416667  27.599 0.000
117.416667 117.458333  31.268 0.000
117.458333 117.500000  36.862 0.000
117.500000 117.541667  39.900 0.000
117.541667 117.583333  39.890 0.000
117.583333 117.625000  46.607 0.000
117.625000 117.666667  61.474 0.000
117.666667 117.708333  63.038 0.000
117.708333 117.750000  61.464 0.000
117.750000 117.791667  60.301 0.000
117.791667 117.833333  61.103 0.000
117.833333 117.875000  61.063 0.000
117.875000 117.916667  55.289 0.000
117.916667 117.958333  52.903 0.000
117.958333 118.000000  54.507 0.000
118.000000 118.041667  45.563 0.000
118.041667 118.083333  48.129 0.000
118.083333 118.125000 999.999 0.999
118.125000 118.166667 999.999 0.999
118.166667 118.208333  47.688 0.000
118.208333 118.250000  44.259 0.000
118.250000 118.291667  37.382 0.000
118.291667 118.333333  35.156 0.000
118.333333 118.375000  38.124 0.000
118.375000 118.416667  40.650 0.000
118.416667 118.458333  35.617 0.000
118.458333 118.500000  36.399 0.000
118.500000 118.541667  39.236 0.000
118.541667 118.583333  39.307 0.000
118.583333 118.625000  37.582 0.000
118.625000 118.666667  36.630 0.000
118.666667 118.708333  39.527 0.000
118.708333 118.750000  40.520 0.000
118.750000 118.791667  42.284 0.000
118.791667 118.833333  47.816 0.000
118.833333 118.875000  54.994 0.000
118.875000 118.916667  65.971 0.000
118.916667 118.958333  70.984 0.000
118.958333 119.000000  73.179 0.000
119.000000 119.041667 999.999 0.999
119.041667 119.083333  72.919 0.000
119.083333 119.125000  75.555 0.000
119.125000 119.166667  74.412 0.000
119.166667 119.208333 999.999 0.999
119.208333 119.250000  83.004 0.000
119.250000 119.291667  79.535 0.000
119.291667 119.333333  79.295 0.000
119.333333 119.375000  76.939 0.000
119.375000 119.416667  75.335 0.000
119.416667 119.458333  68.016 0.000
119.458333 119.500000  62.352 0.000
119.500000 119.541667  61.360 0.000
119.541667 119.583333  68.387 0.000
119.583333 119.625000  73.448 0.000
119.625000 119.666667  61.558 0.000
119.666667 119.708333  61.187 0.000
119.708333 119.750000  57.237 0.000
119.750000 119.791667  44.265 0.000
119.791667 119.833333  41.919 0.000
119.833333 119.875000  39.272 0.000
119.875000 119.916667  42.019 0.000
119.916667 119.958333  43.252 0.000
119.958333 120.000000  43.272 0.000
120.000000 120.041667  42.210 0.000
120.041667 120.083333 999.999 0.999
120.083333 120.125000  35.042 0.000
120.125000 120.166667  28.786 0.000
120.166667 120.208333  25.428 0.000
120.208333 120.250000 999.999 0.999
120.250000 120.291667  21.759 0.000
120.291667 120.333333  12.956 0.000
120.333333 120.375000   9.768 0.000
120.375000 120.416667   8.784 0.000
120.416667 120.458333  12.503 0.000
120.458333 120.500000  14.188 0.000
120.500000 120.541667  12.022 0.000
120.541667 120.583333  12.624 0.000
120.583333 120.625000  11.912 0.000
120.625000 120.666667  11.330 0.000
120.666667 120.708333  10.167 0.000
120.708333 120.750000   8.654 0.000
120.750000 120.791667   9.095 0.000
120.791667 120.833333  10.298 0.000
120.833333 120.875000  15.290 0.000
120.875000 120.916667  17.125 0.000
120.916667 120.958333  15.902 0.000
120.958333 121.000000  11.671 0.000
121.000000 121.041667  11.441 0.000
121.041667 121.083333   9.676 0.000
121.083333 121.125000 999.999 0.999
121.125000 121.166667 999.999 0.999
121.166667 121.208333  24.692 0.000
121.208333 121.250000  33.544 0.000
121.250000 121.291667  36.642 0.000
121.291667 121.333333  42.817 0.000
121.333333 121.375000  30.286 0.000
121.375000 121.416667  25.544 0.000
121.416667 121.458333  30.807 0.000
121.458333 121.500000  36.692 0.000
121.500000 121.541667  43.609 0.000
121.541667 121.583333  52.411 0.000
121.583333 121.625000  53.304 0.000
121.625000 121.666667  48.712 0.000
121.666667 121.708333  49.935 0.000
121.708333 121.750000  54.346 0.000
121.750000 121.791667  49.905 0.000
121.791667 121.833333  57.564 0.000
121.833333 121.875000  59.970 0.000
121.875000 121.916667  59.750 0.000
121.916667 121.958333  52.942 0.000
121.958333 122.000000  56.329 0.000
122.000000 122.041667 999.999 0.999
122.041667 122.083333  64.409 0.000
122.083333 122.125000  64.169 0.000
122.125000 122.166667  43.537 0.000
122.166667 122.208333 999.999 0.999
122.208333 122.250000  63.828 0.000
122.250000 122.291667  78.044 0.000
122.291667 122.333333  79.958 0.000
122.333333 122.375000  74.254 0.000
122.375000 122.416667  73.272 0.000
122.416667 122.458333  78.765 0.000
122.458333 122.500000  81.582 0.000
122.500000 122.541667  72.008 0.000
122.541667 122.583333  70.194 0.000
122.583333 122.625000  71.367 0.000
122.625000 122.666667  73.703 0.000
122.666667 122.708333  74.144 0.000
122.708333 122.750000  73.160 0.000
122.750000 122.791667  74.001 0.000
122.791667 122.833333  74.954 0.000
122.833333 122.875000  74.182 0.000
122.875000 122.916667  71.676 0.000
122.916667 122.958333  72.989 0.000
122.958333 123.000000  77.470 0.000
123.000000 123.041667  80.297 0.000
123.041667 123.083333 999.999 0.999
123.083333 123.125000  78.142 0.000
123.125000 123.166667  77.039 0.000
123.166667 123.208333  78.242 0.000
123.208333 123.250000 999.999 0.999
123.250000 123.291667  79.004 0.000
123.291667 123.333333  79.405 0.000
123.333333 123.375000  80.117 0.000
123.375000 123.416667  80.648 0.000
123.416667 123.458333  81.470 0.000
123.458333 123.500000  77.290 0.000
123.500000 123.541667  75.964 0.000
123.541667 123.583333  76.917 0.000
123.583333 123.625000  76.536 0.000
123.625000 123.666667  76.105 0.000
123.666667 123.708333  76.416 0.000
123.708333 123.750000  75.954 0.000
123.750000 123.791667  72.676 0.000
123.791667 123.833333  71.212 0.000
123.833333 123.875000  69.909 0.000
123.875000 123.916667  71.523 0.000
123.916667 123.958333  72.456 0.000
123.958333 124.000000  69.859 0.000
124.000000 124.041667  68.927 0.000
124.041667 124.083333  70.220 0.000
124.083333 124.125000 999.999 0.999
124.125000 124.166667 999.999 0.999
124.166667 124.208333  73.528 0.000
124.208333 124.250000  74.882 0.000
124.250000 124.291667  75.453 0.000
124.291667 124.333333  75.341 0.000
124.333333 124.375000  74.138 0.000
124.375000 124.416667  73.045 0.000
124.416667 124.458333  71.150 0.000
124.458333 124.500000  72.734 0.000
124.500000 124.541667  74.198 0.000
124.541667 124.583333  76.383 0.000
124.583333 124.625000  76.163 0.000
124.625000 124.666667  73.175 0.000
124.666667 124.708333  70.619 0.000
124.708333 124.750000  64.945 0.000
124.750000 124.791667  66.378 0.000
124.791667 124.833333  67.230 0.000
124.833333 124.875000  69.175 0.000
124.875000 124.916667  69.767 0.000
124.916667 124.958333  70.218 0.000
124.958333 125.000000  69.877 0.000
125.000000 125.041667 999.999 0.999
125.041667 125.083333  70.879 0.000
125.083333 125.125000  71.660 0.000
125.125000 125.166667  71.970 0.000
125.166667 125.208333 999.999 0.999
125.208333 125.250000  71.740 0.000
125.250000 125.291667  72.051 0.000
125.291667 125.333333  71.409 0.000
125.333333 125.375000  70.978 0.000
125.375000 125.416667  70.226 0.000
125.416667 125.458333  70.156 0.000
125.458333 125.500000  69.835 0.000
125.500000 125.541667  69.344 0.000
125.541667 125.583333  69.334 0.000
125.583333 125.625000  69.234 0.000
125.625000 125.666667  71.198 0.000
125.666667 125.708333  73.093 0.000
125.708333 125.750000  74.787 0.000
125.750000 125.791667  73.334 0.000
125.791667 125.833333  71.579 0.000
125.833333 125.875000  70.756 0.000
125.875000 125.916667  65.643 0.000
125.916667 125.958333  68.660 0.000
125.958333 126.000000  70.274 0.000
126.000000 126.041667  72.309 0.000
126.041667 126.083333 999.999 0.999
126.083333 126.125000  69.031 0.000
126.125000 126.166667  68.560 0.000
126.166667 126.208333  66.856 0.000
126.208333 126.250000 999.999 0.999
126.250000 126.291667  40.259 0.000
126.291667 126.333333  36.951 0.000
126.333333 126.375000  28.409 0.000
126.375000 126.416667  27.537 0.000
126.416667 126.458333  25.903 0.000
126.458333 126.500000  25.983 0.000
126.500000 126.541667  28.239 0.000
126.541667 126.583333  23.898 0.000
126.583333 126.625000  21.422 0.000
126.625000 126.666667  20.669 0.000
126.666667 126.708333  20.738 0.000
126.708333 126.750000  20.758 0.000
126.750000 126.791667  21.370 0.000
126.791667 126.833333  27.645 0.000
126.833333 126.875000  31.124 0.000
126.875000 126.916667  34.142 0.000
126.916667 126.958333  33.289 0.000
126.958333 127.000000  32.377 0.000
127.000000 127.041667  28.137 0.000
127.041667 127.083333  26.061 0.000
127.083333 127.125000 999.999 0.999
127.125000 127.166667 999.999 0.999
127.166667 127.208333  16.217 0.000
127.208333 127.250000  16.317 0.000
127.250000 127.291667  18.593 0.000
127.291667 127.333333  16.898 0.000
127.333333 127.375000  15.966 0.000
127.375000 127.416667  15.014 0.000
127.416667 127.458333  14.631 0.000
127.458333 127.500000  14.200 0.000
127.500000 127.541667  13.779 0.000
127.541667 127.583333  15.252 0.000
127.583333 127.625000  16.626 0.000
127.625000 127.666667  16.405 0.000
127.666667 127.708333  15.713 0.000
127.708333 127.750000  13.738 0.000
127.750000 127.791667  11.473 0.000
127.791667 127.833333   8.475 0.000
127.833333 127.875000   7.773 0.000
127.875000 127.916667   7.022 0.000
127.916667 127.958333   6.941 0.000
127.958333 128.000000  13.708 0.000
128.000000 128.041667 999.999 0.999
128.041667 128.083333  33.759 0.000
128.083333 128.125000  17.849 0.000
128.125000 128.166667  12.916 0.000
128.166667 128.208333 999.999 0.999
128.208333 128.250000  14.258 0.000
128.250000 128.291667  18.147 0.000
128.291667 128.333333  15.511 0.000
128.333333 128.375000  10.568 0.000
128.375000 128.416667   8.985 0.000
128.416667 128.458333  19.912 0.000
128.458333 128.500000  19.962 0.000
128.500000 128.541667  25.376 0.000
128.541667 128.583333  54.118 0.000
128.583333 128.625000  61.867 0.000
128.625000 128.666667  64.253 0.000
128.666667 128.708333  66.549 0.000
128.708333 128.750000  67.712 0.000
128.750000 128.791667  67.601 0.000
128.791667 128.833333  69.326 0.000
128.833333 128.875000  70.007 0.000
128.875000 128.916667  72.133 0.000
128.916667 128.958333  72.855 0.000
128.958333 129.000000  73.226 0.000
129.000000 129.041667  75.690 0.000
129.041667 129.083333 999.999 0.999
129.083333 129.125000  77.444 0.000
129.125000 129.166667  78.376 0.000
129.166667 129.208333  76.472 0.000
129.208333 129.250000 999.999 0.999
129.250000 129.291667  76.662 0.000
129.291667 129.333333  75.850 0.000
129.333333 129.375000  73.845 0.000
129.375000 129.416667  75.589 0.000
129.416667 129.458333  75.349 0.000
129.458333 129.500000  76.512 0.000
129.500000 129.541667  74.116 0.000
129.541667 129.583333  69.875 0.000
129.583333 129.625000  70.096 0.000
