ODEfiles/DK0010G08_15/DK0010G.20090101000000.20101130000000.uv_abs.ozone.air.1y.1h.DK01L_O3mon10.DK01L_UV_absorption..nas
45 1001
Keller, Rune
DK01L, National Environmental Research Institute, NERI, , "P.O.Box 358, Fredriksborgvei 399, DK-4000 Roskilde, Denmark", , , , 
Keller, Rune
AMAP EMEP
1 1
2009 01 01 2010 11 30
0.041667
days from file reference point
3
1 1 1
999.999999 999.999 9.999
end_time of measurement, days from the file reference point
ozone, ug/m3
numflag ozone, no unit
0
28
Data definition:              EBAS_1.1
Set type code:                TU
Timezone:                     UTC
File name:                    DK0010G.20090101000000.20101130000000.uv_abs.ozone.air.1y.1h.DK01L_O3mon10.DK01L_UV_absorption..nas
File creation:                20190910074040
Startdate:                    20090101000000
Revision date:                20101130000000
Statistics:                   arithmetic mean
Data level:                   
Period code:                  1y
Resolution code:              1h
Station code:                 DK0010G
Platform code:                DK0010S
Station name:                 Villum Research Station, Station Nord
Station latitude:             81.6
Station longitude:            -16.67
Station altitude:             20.0m
Regime:                       IMG
Component:                    ozone
Unit:                         ug/m3
Matrix:                       air
Instrument type:              uv_abs
Laboratory code:              DK01L
Instrument name:              O3mon10
Method ref:                   DK01L_UV_absorption
Originator:                   Keller, Rune, , , , , , , , , 
Submitter:                    Keller, Rune, , , , , , , , , 
starttime endtime O3 flag_O3
[from data line 2223]
 92.625000  92.666667  32.405 0.000
 92.666667  92.708333  33.137 0.000
 92.708333  92.750000  37.047 0.000
 92.750000  92.791667  37.849 0.000
 92.791667  92.833333  37.087 0.000
 92.833333  92.875000  35.493 0.000
 92.875000  92.916667  34.390 0.000
 92.916667  92.958333  31.300 0.000
 92.958333  93.000000  31.020 0.000
 93.000000  93.041667  34.629 0.000
 93.041667  93.083333 999.999 0.999
 93.083333  93.125000  49.386 0.000
 93.125000  93.166667 999.999 0.999
 93.166667  93.208333  48.864 0.000
 93.208333  93.250000  38.799 0.000
 93.250000  93.291667  42.940 0.000
 93.291667  93.333333  53.927 0.000
 93.333333  93.375000  55.401 0.000
 93.375000  93.416667  58.689 0.000
 93.416667  93.458333  60.804 0.000
 93.458333  93.500000  63.050 0.000
 93.500000  93.541667  61.957 0.000
 93.541667  93.583333  63.060 0.000
 93.583333  93.625000  63.802 0.000
 93.625000  93.666667  62.048 0.000
 93.666667  93.708333  62.839 0.000
 93.708333  93.750000  63.118 0.000
 93.750000  93.791667  61.364 0.000
 93.791667  93.833333  60.702 0.000
 93.833333  93.875000  60.191 0.000
 93.875000  93.916667  59.830 0.000
 93.916667  93.958333  60.472 0.000
 93.958333  94.000000  60.802 0.000
 94.000000  94.041667 999.999 0.999
 94.041667  94.083333  62.256 0.000
 94.083333  94.125000  63.118 0.000
 94.125000  94.166667  63.730 0.000
 94.166667  94.208333 999.999 0.999
 94.208333  94.250000  65.414 0.000
 94.250000  94.291667  67.239 0.000
 94.291667  94.333333  69.424 0.000
 94.333333  94.375000  69.223 0.000
 94.375000  94.416667  69.133 0.000
 94.416667  94.458333  70.266 0.000
 94.458333  94.500000  70.667 0.000
 94.500000  94.541667  70.234 0.000
 94.541667  94.583333  70.184 0.000
 94.583333  94.625000  69.392 0.000
 94.625000  94.666667  68.730 0.000
 94.666667  94.708333  69.232 0.000
 94.708333  94.750000  69.011 0.000
 94.750000  94.791667  67.206 0.000
 94.791667  94.833333  66.825 0.000
 94.833333  94.875000  65.763 0.000
 94.875000  94.916667  66.023 0.000
 94.916667  94.958333  66.384 0.000
 94.958333  95.000000  66.284 0.000
 95.000000  95.041667  65.592 0.000
 95.041667  95.083333 999.999 0.999
 95.083333  95.125000  65.201 0.000
 95.125000  95.166667  64.530 0.000
 95.166667  95.208333  65.111 0.000
 95.208333  95.250000 999.999 0.999
 95.250000  95.291667  66.754 0.000
 95.291667  95.333333  67.255 0.000
 95.333333  95.375000  62.483 0.000
 95.375000  95.416667  48.167 0.000
 95.416667  95.458333  53.981 0.000
 95.458333  95.500000  64.919 0.000
 95.500000  95.541667  68.037 0.000
 95.541667  95.583333  67.926 0.000
 95.583333  95.625000  67.585 0.000
 95.625000  95.666667  67.646 0.000
 95.666667  95.708333  67.736 0.000
 95.708333  95.750000  67.094 0.000
 95.750000  95.791667  66.984 0.000
 95.791667  95.833333  66.623 0.000
 95.833333  95.875000  66.252 0.000
 95.875000  95.916667  64.999 0.000
 95.916667  95.958333  64.177 0.000
 95.958333  96.000000  62.092 0.000
 96.000000  96.041667  57.079 0.000
 96.041667  96.083333  52.888 0.000
 96.083333  96.125000 999.999 0.999
 96.125000  96.166667 999.999 0.999
 96.166667  96.208333  51.132 0.000
 96.208333  96.250000  50.140 0.000
 96.250000  96.291667  48.345 0.000
 96.291667  96.333333  42.240 0.000
 96.333333  96.375000  37.037 0.000
 96.375000  96.416667  43.343 0.000
 96.416667  96.458333  45.087 0.000
 96.458333  96.500000  37.067 0.000
 96.500000  96.541667  34.972 0.000
 96.541667  96.583333  32.886 0.000
 96.583333  96.625000  31.182 0.000
 96.625000  96.666667  21.027 0.000
 96.666667  96.708333  15.473 0.000
 96.708333  96.750000  12.626 0.000
 96.750000  96.791667  10.410 0.000
 96.791667  96.833333  21.197 0.000
 96.833333  96.875000  28.695 0.000
 96.875000  96.916667  37.837 0.000
 96.916667  96.958333  27.962 0.000
 96.958333  97.000000  42.789 0.000
 97.000000  97.041667 999.999 0.999
 97.041667  97.083333  59.351 0.000
 97.083333  97.125000  60.804 0.000
 97.125000  97.166667  52.554 0.000
 97.166667  97.208333 999.999 0.999
 97.208333  97.250000  45.666 0.000
 97.250000  97.291667  61.336 0.000
 97.291667  97.333333  67.461 0.000
 97.333333  97.375000  65.386 0.000
 97.375000  97.416667  55.180 0.000
 97.416667  97.458333  54.469 0.000
 97.458333  97.500000  56.764 0.000
 97.500000  97.541667  57.125 0.000
 97.541667  97.583333  50.819 0.000
 97.583333  97.625000  47.671 0.000
 97.625000  97.666667  55.740 0.000
 97.666667  97.708333  51.760 0.000
 97.708333  97.750000  57.183 0.000
 97.750000  97.791667  56.642 0.000
 97.791667  97.833333  57.775 0.000
 97.833333  97.875000  57.775 0.000
 97.875000  97.916667  59.820 0.000
 97.916667  97.958333  61.584 0.000
 97.958333  98.000000  60.792 0.000
 98.000000  98.041667  63.850 0.000
 98.041667  98.083333 999.999 0.999
 98.083333  98.125000  63.529 0.000
 98.125000  98.166667 999.999 0.999
 98.166667  98.208333  62.106 0.000
 98.208333  98.250000  64.572 0.000
 98.250000  98.291667  70.878 0.000
 98.291667  98.333333  74.005 0.000
 98.333333  98.375000  75.168 0.000
 98.375000  98.416667  75.449 0.000
 98.416667  98.458333  74.114 0.000
 98.458333  98.500000  75.126 0.000
 98.500000  98.541667  75.006 0.000
 98.541667  98.583333  75.838 0.000
 98.583333  98.625000  73.111 0.000
 98.625000  98.666667  73.823 0.000
 98.666667  98.708333  74.304 0.000
 98.708333  98.750000  69.372 0.000
 98.750000  98.791667  60.690 0.000
 98.791667  98.833333  56.490 0.000
 98.833333  98.875000  68.800 0.000
 98.875000  98.916667  72.580 0.000
 98.916667  98.958333  74.013 0.000
 98.958333  99.000000  75.206 0.000
 99.000000  99.041667 999.999 0.999
 99.041667  99.083333  76.590 0.000
 99.083333  99.125000  77.041 0.000
 99.125000  99.166667  75.517 0.000
 99.166667  99.208333 999.999 0.999
 99.208333  99.250000  74.292 0.000
 99.250000  99.291667  68.688 0.000
 99.291667  99.333333  66.493 0.000
 99.333333  99.375000  68.207 0.000
 99.375000  99.416667  69.941 0.000
 99.416667  99.458333  69.560 0.000
 99.458333  99.500000  59.475 0.000
 99.500000  99.541667  53.620 0.000
 99.541667  99.583333  68.187 0.000
 99.583333  99.625000  67.194 0.000
 99.625000  99.666667  49.259 0.000
 99.666667  99.708333  62.041 0.000
 99.708333  99.750000  68.849 0.000
 99.750000  99.791667  70.523 0.000
 99.791667  99.833333  64.267 0.000
 99.833333  99.875000  65.510 0.000
 99.875000  99.916667  65.239 0.000
 99.916667  99.958333  66.844 0.000
 99.958333 100.000000  65.690 0.000
100.000000 100.041667  66.801 0.000
100.041667 100.083333 999.999 0.999
100.083333 100.125000  75.994 0.000
100.125000 100.166667  74.541 0.000
100.166667 100.208333  70.781 0.000
100.208333 100.250000 999.999 0.999
100.250000 100.291667  70.451 0.000
100.291667 100.333333  71.874 0.000
100.333333 100.375000  72.867 0.000
100.375000 100.416667  72.596 0.000
100.416667 100.458333  74.651 0.000
100.458333 100.500000  76.436 0.000
100.500000 100.541667  77.989 0.000
100.541667 100.583333  77.929 0.000
100.583333 100.625000  77.358 0.000
100.625000 100.666667  78.781 0.000
100.666667 100.708333  79.573 0.000
100.708333 100.750000  79.172 0.000
100.750000 100.791667  78.630 0.000
100.791667 100.833333  78.439 0.000
100.833333 100.875000  78.228 0.000
100.875000 100.916667  77.606 0.000
100.916667 100.958333  77.667 0.000
100.958333 101.000000  77.025 0.000
101.000000 101.041667  76.865 0.000
101.041667 101.083333  75.491 0.000
101.083333 101.125000 999.999 0.999
101.125000 101.166667 999.999 0.999
101.166667 101.208333  75.381 0.000
101.208333 101.250000  76.634 0.000
101.250000 101.291667  77.827 0.000
101.291667 101.333333  79.381 0.000
101.333333 101.375000  79.772 0.000
101.375000 101.416667  81.165 0.000
101.416667 101.458333  80.584 0.000
101.458333 101.500000  80.554 0.000
101.500000 101.541667  79.411 0.000
101.541667 101.583333  77.564 0.000
101.583333 101.625000  77.294 0.000
101.625000 101.666667  77.093 0.000
101.666667 101.708333  77.785 0.000
101.708333 101.750000  77.133 0.000
101.750000 101.791667  76.261 0.000
101.791667 101.833333  76.412 0.000
101.833333 101.875000  75.138 0.000
101.875000 101.916667  74.376 0.000
101.916667 101.958333  74.226 0.000
101.958333 102.000000  73.695 0.000
102.000000 102.041667 999.999 0.999
102.041667 102.083333  73.895 0.000
102.083333 102.125000  73.705 0.000
102.125000 102.166667  73.785 0.000
102.166667 102.208333 999.999 0.999
102.208333 102.250000  68.432 0.000
102.250000 102.291667  63.760 0.000
102.291667 102.333333  64.010 0.000
102.333333 102.375000  66.685 0.000
102.375000 102.416667  58.104 0.000
102.416667 102.458333  52.028 0.000
102.458333 102.500000  54.424 0.000
102.500000 102.541667  58.194 0.000
102.541667 102.583333  58.043 0.000
102.583333 102.625000  54.304 0.000
102.625000 102.666667  57.492 0.000
102.666667 102.708333  58.434 0.000
102.708333 102.750000  56.770 0.000
102.750000 102.791667  58.384 0.000
102.791667 102.833333  59.808 0.000
102.833333 102.875000  59.257 0.000
102.875000 102.916667  59.698 0.000
102.916667 102.958333  59.066 0.000
102.958333 103.000000  60.149 0.000
103.000000 103.041667  59.267 0.000
103.041667 103.083333 999.999 0.999
103.083333 103.125000  56.449 0.000
103.125000 103.166667  61.019 0.000
103.166667 103.208333  64.287 0.000
103.208333 103.250000 999.999 0.999
103.250000 103.291667  66.252 0.000
103.291667 103.333333  65.671 0.000
103.333333 103.375000  54.793 0.000
103.375000 103.416667  53.390 0.000
103.416667 103.458333  49.179 0.000
103.458333 103.500000  48.518 0.000
103.500000 103.541667  50.823 0.000
103.541667 103.583333  50.964 0.000
103.583333 103.625000  52.267 0.000
103.625000 103.666667  52.838 0.000
103.666667 103.708333  53.189 0.000
103.708333 103.750000  52.838 0.000
103.750000 103.791667  52.387 0.000
103.791667 103.833333  52.548 0.000
103.833333 103.875000  52.808 0.000
103.875000 103.916667  53.258 0.000
103.916667 103.958333  54.250 0.000
103.958333 104.000000  54.340 0.000
104.000000 104.041667  54.681 0.000
104.041667 104.083333  56.365 0.000
104.083333 104.125000 999.999 0.999
104.125000 104.166667 999.999 0.999
104.166667 104.208333  57.027 0.000
104.208333 104.250000  58.661 0.000
104.250000 104.291667  60.285 0.000
104.291667 104.333333  59.664 0.000
104.333333 104.375000  59.704 0.000
104.375000 104.416667  60.195 0.000
104.416667 104.458333  60.004 0.000
104.458333 104.500000  58.862 0.000
104.500000 104.541667  57.719 0.000
104.541667 104.583333  55.513 0.000
104.583333 104.625000  54.310 0.000
104.625000 104.666667  52.666 0.000
104.666667 104.708333  51.312 0.000
104.708333 104.750000  50.318 0.000
104.750000 104.791667  47.250 0.000
104.791667 104.833333  46.579 0.000
104.833333 104.875000  47.280 0.000
104.875000 104.916667  46.980 0.000
104.916667 104.958333  45.486 0.000
104.958333 105.000000  43.982 0.000
105.000000 105.041667 999.999 0.999
105.041667 105.083333  45.225 0.000
105.083333 105.125000  44.794 0.000
105.125000 105.166667  45.857 0.000
105.166667 105.208333 999.999 0.999
105.208333 105.250000  44.935 0.000
105.250000 105.291667  46.468 0.000
105.291667 105.333333  48.644 0.000
105.333333 105.375000  50.067 0.000
105.375000 105.416667  50.218 0.000
105.416667 105.458333  50.148 0.000
105.458333 105.500000  51.290 0.000
105.500000 105.541667  52.572 0.000
105.541667 105.583333  52.241 0.000
105.583333 105.625000  53.654 0.000
105.625000 105.666667  54.106 0.000
105.666667 105.708333  55.359 0.000
105.708333 105.750000  54.687 0.000
105.750000 105.791667  56.091 0.000
105.791667 105.833333  57.364 0.000
105.833333 105.875000  59.890 0.000
105.875000 105.916667  59.740 0.000
105.916667 105.958333  60.782 0.000
105.958333 106.000000  62.276 0.000
106.000000 106.041667  64.622 0.000
106.041667 106.083333 999.999 0.999
106.083333 106.125000  64.883 0.000
106.125000 106.166667  63.279 0.000
106.166667 106.208333  61.755 0.000
106.208333 106.250000 999.999 0.999
106.250000 106.291667  59.206 0.000
106.291667 106.333333  54.364 0.000
106.333333 106.375000  47.507 0.000
106.375000 106.416667  49.803 0.000
106.416667 106.458333  51.718 0.000
106.458333 106.500000  57.151 0.000
106.500000 106.541667  58.585 0.000
106.541667 106.583333  65.753 0.000
106.583333 106.625000  75.066 0.000
106.625000 106.666667  77.522 0.000
106.666667 106.708333  74.896 0.000
106.708333 106.750000  74.986 0.000
106.750000 106.791667  74.826 0.000
106.791667 106.833333  75.788 0.000
106.833333 106.875000  78.204 0.000
106.875000 106.916667  78.244 0.000
106.916667 106.958333  78.866 0.000
106.958333 107.000000  76.369 0.000
107.000000 107.041667  77.212 0.000
107.041667 107.083333  77.089 0.000
107.083333 107.125000 999.999 0.999
107.125000 107.166667 999.999 0.999
107.166667 107.208333  73.540 0.000
107.208333 107.250000  74.623 0.000
107.250000 107.291667  75.545 0.000
107.291667 107.333333  76.057 0.000
107.333333 107.375000  76.638 0.000
107.375000 107.416667  78.001 0.000
107.416667 107.458333  77.791 0.000
107.458333 107.500000  77.420 0.000
107.500000 107.541667  77.831 0.000
107.541667 107.583333  79.134 0.000
107.583333 107.625000  80.157 0.000
107.625000 107.666667  78.102 0.000
107.666667 107.708333  78.493 0.000
107.708333 107.750000  80.367 0.000
107.750000 107.791667  79.896 0.000
107.791667 107.833333  80.116 0.000
107.833333 107.875000  80.746 0.000
107.875000 107.916667  79.393 0.000
107.916667 107.958333  75.674 0.000
107.958333 108.000000 999.999 0.999
108.000000 108.041667 999.999 0.999
108.041667 108.083333 999.999 0.999
108.083333 108.125000 999.999 0.999
108.125000 108.166667 999.999 0.999
108.166667 108.208333 999.999 0.999
108.208333 108.250000 999.999 0.999
108.250000 108.291667 999.999 0.999
108.291667 108.333333 999.999 0.999
108.333333 108.375000 999.999 0.999
108.375000 108.416667 999.999 0.999
108.416667 108.458333 999.999 0.999
108.458333 108.500000 999.999 0.999
108.500000 108.541667 999.999 0.999
108.541667 108.583333 999.999 0.999
108.583333 108.625000 999.999 0.999
108.625000 108.666667 999.999 0.999
108.666667 108.708333 999.999 0.999
108.708333 108.750000 999.999 0.999
108.750000 108.791667 999.999 0.999
108.791667 108.833333 999.999 0.999
108.833333 108.875000 999.999 0.999
108.875000 108.916667 999.999 0.999
108.916667 108.958333 999.999 0.999
108.958333 109.000000  76.223 0.000
109.000000 109.041667  75.662 0.000
109.041667 109.083333 999.999 0.999
109.083333 109.125000  75.371 0.000
109.125000 109.166667  75.401 0.000
109.166667 109.208333 999.999 0.999
109.208333 109.250000  75.130 0.000
109.250000 109.291667  75.902 0.000
109.291667 109.333333  77.105 0.000
109.333333 109.375000  78.860 0.000
109.375000 109.416667  79.470 0.000
109.416667 109.458333  77.815 0.000
109.458333 109.500000  78.076 0.000
109.500000 109.541667  78.005 0.000
109.541667 109.583333  75.630 0.000
109.583333 109.625000  65.604 0.000
109.625000 109.666667  63.008 0.000
109.666667 109.708333  61.434 0.000
109.708333 109.750000  61.725 0.000
109.750000 109.791667  60.592 0.000
109.791667 109.833333  60.452 0.000
109.833333 109.875000  62.326 0.000
109.875000 109.916667  63.329 0.000
109.916667 109.958333  61.594 0.000
109.958333 110.000000  59.770 0.000
110.000000 110.041667  58.767 0.000
110.041667 110.083333  57.063 0.000
110.083333 110.125000 999.999 0.999
110.125000 110.166667 999.999 0.999
110.166667 110.208333  35.637 0.000
110.208333 110.250000  33.973 0.000
110.250000 110.291667  17.121 0.000
110.291667 110.333333  22.224 0.000
110.333333 110.375000  20.138 0.000
110.375000 110.416667  12.900 0.000
110.416667 110.458333   7.186 0.000
110.458333 110.500000   2.865 0.000
110.500000 110.541667   0.158 0.000
110.541667 110.583333  -0.062 0.000
110.583333 110.625000  -0.172 0.000
110.625000 110.666667   0.439 0.000
110.666667 110.708333   0.449 0.000
110.708333 110.750000   0.469 0.000
110.750000 110.791667   0.259 0.000
110.791667 110.833333   0.259 0.000
110.833333 110.875000   0.790 0.000
110.875000 110.916667   1.632 0.000
110.916667 110.958333   1.903 0.000
110.958333 111.000000   1.871 0.000
111.000000 111.041667 999.999 0.999
111.041667 111.083333   2.552 0.000
