ODEfiles/TIK13_15/RU0100R.20140101000000.20181112120939.uv_abs.ozone.air.1y.1h.US06L_Thermo_49_TIK.US06L_AM.lev2.nas
77 1001
Crepinsek, Sara; Petropavlovskikh, Irina
US06L, National Oceanic and Atmospheric Administration, NOAA/ESRL/GMD, "Earth System Research Laboratory, Global Monitoring Division", 325 Broadway, , CO 80305-3, Boulder, U.S.A.
Crepinsek, Sara
GAW-WDCRG NOAA-ESRL
1 1
2014 01 01 2018 11 12
0.041667
days from file reference point
10
1 1 1 1 1 1 1 1 1 1
999.999999 9999.999 999.99 9999.999 999.99 9999.999 999.99 999.999 999.99 9.999999999999999
end_time of measurement, days from the file reference point
ozone, ug/m3, Statistics=arithmetic mean, Volume std. temperature=293.15 K, Volume std. pressure=1013.25 hPa, Detection limit=1.995 ug/m3, Measurement uncertainty=1.995 ug/m3, Measurement uncertainty expl.=includes statistical uncertainty of individual sample and calibration uncertainty, "Comment=Data converted on import into EBAS from 'nmol/mol' to 'ug/m3' at 293.15 K, 1013.25 hPa, conversion factor 1.99534."
ozone, nmol/mol, Statistics=arithmetic mean, Detection limit=1.0 nmol/mol, Measurement uncertainty=1.0 nmol/mol, Measurement uncertainty expl.=includes statistical uncertainty of individual sample and calibration uncertainty, "Comment=Data converted on import into EBAS from 'nmol/mol' to 'ug/m3' at 293.15 K, 1013.25 hPa, conversion factor 1.99534."
ozone, ug/m3, Statistics=maximum, Volume std. temperature=293.15 K, Volume std. pressure=1013.25 hPa, Detection limit=1.995 ug/m3
ozone, nmol/mol, Statistics=maximum, Detection limit=1.0 nmol/mol
ozone, ug/m3, Statistics=minimum, Volume std. temperature=293.15 K, Volume std. pressure=1013.25 hPa, Detection limit=1.995 ug/m3
ozone, nmol/mol, Statistics=minimum, Detection limit=1.0 nmol/mol
ozone, ug/m3, Statistics=stddev, Volume std. temperature=293.15 K, Volume std. pressure=1013.25 hPa, Detection limit=1.995 ug/m3
ozone, nmol/mol, Statistics=stddev, Detection limit=1.0 nmol/mol
numflag, no unit
0
53
Data definition:              EBAS_1.1
Set type code:                TU
Timezone:                     UTC
File name:                    RU0100R.20140101000000.20181112120939.uv_abs.ozone.air.1y.1h.US06L_Thermo_49_TIK.US06L_AM.lev2.nas
File creation:                20190910074509
Startdate:                    20140101000000
Revision date:                20181112120939
Version:                      1
Version description:          Version numbering not tracked, generated by CPD3 EBAS Export v16-28-gb051b35-m run as da.output.ebas (2551) run by mcclure on aero.cmdl.noaa.gov via da.output.ebas --profile=ozone tik 2014
Data level:                   2
Period code:                  1y
Resolution code:              1h
Sample duration:              1h
Station code:                 RU0100R
Platform code:                RU0100S
Station name:                 Tiksi
Station WDCA-ID:              GAWARU__TIK
Station GAW-ID:               TIK
Station GAW-Name:             Tiksi
Station land use:             Grassland
Station setting:              Coastal
Station GAW type:             R
Station WMO region:           2
Station latitude:             71.5861663818
Station longitude:            128.918823242
Station altitude:             8.0m
Measurement latitude:         71.58617
Measurement longitude:        128.91882
Measurement altitude:         8.0m
Measurement height:           10.0m
Regime:                       IMG
[...]
Instrument model:             49
Instrument serial number:     629719160
Method ref:                   US06L_AM
Standard method:              SOP=GAW_209(2013)
Inlet type:                   Hat or hood
Inlet description:            Downward Facing, teflon inlet bell
Humidity/temperature control description: Automatic
Zero/negative values code:    Zero/negative possible
Zero/negative values:         Zero and neg. values may appear due to statistical variations at very low concentrations
Originator:                   Crepinsek, Sara, sara.crepinsek@noaa.gov, National Oceanic and Atmospheric Administration/Earth System Research Laboratory/Physical Sciences Division, NOAA/ESRL/PSD, , 325 Broadway, , 80305, "Boulder, CO", USA
Originator:                   Petropavlovskikh, Irina, Irina.petro@noaa.gov, National Oceanic and Atmospheric Administration/Earth System Research Laboratory/Global Monitoring Division, NOAA/ESRL/GMD, , 325 Broadway, , 80305, "Boulder, CO", USA
Submitter:                    Crepinsek, Sara, sara.crepinsek@noaa.gov, National Oceanic and Atmospheric Administration/Earth System Research Laboratory/Physical Sciences Division, NOAA/ESRL/PSD, , 325 Broadway, , 80305, "Boulder, CO", USA
Acknowledgement:              "Request Acknowledgement details from data originator. http://dx.doi.org/10.7289/V57P8WBF"
Comment:                      Data converted on import into EBAS from 'nmol/mol' to 'ug/m3' at 293.15 K, 1013.25 hPa, conversion factor 1.99534. Detection limit converted from '1.0 nmol/mol' to '1.995 ug/m3' at 293.15 K, 1013.25 hPa, conversion factor 1.99534.
starttime endtime O3 O3 O3 O3 O3 O3 O3 O3 flag
[from data line 622]
 25.916667  25.958333 9999.999 999.99 9999.999 999.99 9999.999 999.99 999.999 999.99 0.999000000000000
 25.958333  26.000000 9999.999 999.99 9999.999 999.99 9999.999 999.99 999.999 999.99 0.999000000000000
 26.000000  26.041667 9999.999 999.99 9999.999 999.99 9999.999 999.99 999.999 999.99 0.999000000000000
 26.041667  26.083333 9999.999 999.99 9999.999 999.99 9999.999 999.99 999.999 999.99 0.999000000000000
 26.083333  26.125000 9999.999 999.99 9999.999 999.99 9999.999 999.99 999.999 999.99 0.999000000000000
 26.125000  26.166667 9999.999 999.99 9999.999 999.99 9999.999 999.99 999.999 999.99 0.999000000000000
 26.166667  26.208333 9999.999 999.99 9999.999 999.99 9999.999 999.99 999.999 999.99 0.999000000000000
 26.208333  26.250000 9999.999 999.99 9999.999 999.99 9999.999 999.99 999.999 999.99 0.999000000000000
 26.250000  26.291667 9999.999 999.99 9999.999 999.99 9999.999 999.99 999.999 999.99 0.999000000000000
 26.291667  26.333333 9999.999 999.99 9999.999 999.99 9999.999 999.99 999.999 999.99 0.999000000000000
 26.333333  26.375000 9999.999 999.99 9999.999 999.99 9999.999 999.99 999.999 999.99 0.999000000000000
 26.375000  26.416667 9999.999 999.99 9999.999 999.99 9999.999 999.99 999.999 999.99 0.999000000000000
 26.416667  26.458333 9999.999 999.99 9999.999 999.99 9999.999 999.99 999.999 999.99 0.999000000000000
 26.458333  26.500000 9999.999 999.99 9999.999 999.99 9999.999 999.99 999.999 999.99 0.999000000000000
 26.500000  26.541667 9999.999 999.99 9999.999 999.99 9999.999 999.99 999.999 999.99 0.999000000000000
 26.541667  26.583333 9999.999 999.99 9999.999 999.99 9999.999 999.99 999.999 999.99 0.999000000000000
 26.583333  26.625000 9999.999 999.99 9999.999 999.99 9999.999 999.99 999.999 999.99 0.999000000000000
 26.625000  26.666667   37.173  18.63   47.509  23.81   24.184  12.12   8.101   4.06 0.000000000000000
 26.666667  26.708333   30.609  15.34   34.619  17.35   29.511  14.79   2.175   1.09 0.392456000000000
 26.708333  26.750000   42.421  21.26   44.696  22.40   42.381  21.24   1.337   0.67 0.390456000000000
 26.750000  26.791667 9999.999 999.99 9999.999 999.99 9999.999 999.99 999.999 999.99 0.999000000000000
 26.791667  26.833333 9999.999 999.99 9999.999 999.99 9999.999 999.99 999.999 999.99 0.999000000000000
 26.833333  26.875000 9999.999 999.99 9999.999 999.99 9999.999 999.99 999.999 999.99 0.999000000000000
 26.875000  26.916667   31.906  15.99   33.981  17.03   28.833  14.45   1.796   0.90 0.394456000000000
 26.916667  26.958333 9999.999 999.99 9999.999 999.99 9999.999 999.99 999.999 999.99 0.999000000000000
 26.958333  27.000000    4.051   2.03    4.470   2.24    3.432   1.72   0.339   0.17 0.392456000000000
 27.000000  27.041667 9999.999 999.99 9999.999 999.99 9999.999 999.99 999.999 999.99 0.999999999999999
 27.041667  27.083333    5.028   2.52    5.786   2.90    4.410   2.21   0.499   0.25 0.390456000000000
 27.083333  27.125000 9999.999 999.99 9999.999 999.99 9999.999 999.99 999.999 999.99 0.999000000000000
 27.125000  27.166667    7.024   3.52    7.064   3.54    6.525   3.27   0.219   0.11 0.390456000000000
 27.166667  27.208333 9999.999 999.99 9999.999 999.99 9999.999 999.99 999.999 999.99 0.999000000000000
 27.208333  27.250000   35.717  17.90   38.470  19.28   33.302  16.69   2.594   1.30 0.390456000000000
 27.250000  27.291667   20.632  10.34   28.593  14.33   11.054   5.54   7.443   3.73 0.392456000000000
 27.291667  27.333333    7.922   3.97   16.003   8.02    4.749   2.38   4.070   2.04 0.392456000000000
 27.333333  27.375000   28.733  14.40   28.853  14.46   27.795  13.93   0.579   0.29 0.390456000000000
 27.375000  27.416667   42.880  21.49   43.758  21.93   42.421  21.26   0.619   0.31 0.390456000000000
 27.416667  27.458333   41.802  20.95   43.079  21.59   41.204  20.65   0.658   0.33 0.390456000000000
 27.458333  27.500000 9999.999 999.99 9999.999 999.99 9999.999 999.99 999.999 999.99 0.999000000000000
 27.500000  27.541667 9999.999 999.99 9999.999 999.99 9999.999 999.99 999.999 999.99 0.999000000000000
 27.541667  27.583333 9999.999 999.99 9999.999 999.99 9999.999 999.99 999.999 999.99 0.999000000000000
 27.583333  27.625000 9999.999 999.99 9999.999 999.99 9999.999 999.99 999.999 999.99 0.999000000000000
 27.625000  27.666667   37.812  18.95   38.570  19.33   36.495  18.29   0.678   0.34 0.392456000000000
 27.666667  27.708333   39.348  19.72   41.583  20.84   36.176  18.13   1.716   0.86 0.000000000000000
 27.708333  27.750000   40.306  20.20   50.482  25.30   36.515  18.30   4.889   2.45 0.000000000000000
 27.750000  27.791667   45.833  22.97   56.229  28.18   42.760  21.43   3.891   1.95 0.000000000000000
 27.791667  27.833333   42.581  21.34   43.479  21.79   41.284  20.69   0.758   0.38 0.000000000000000
 27.833333  27.875000   45.394  22.75   46.372  23.24   43.618  21.86   0.938   0.47 0.000000000000000
 27.875000  27.916667 9999.999 999.99 9999.999 999.99 9999.999 999.99 999.999 999.99 0.999000000000000
 27.916667  27.958333 9999.999 999.99 9999.999 999.99 9999.999 999.99 999.999 999.99 0.999000000000000
 27.958333  28.000000   51.659  25.89   54.233  27.18   50.382  25.25   1.177   0.59 0.392456000000000
 28.000000  28.041667   51.739  25.93   51.979  26.05   51.340  25.73   0.200   0.10 0.394456000000000
 28.041667  28.083333 9999.999 999.99 9999.999 999.99 9999.999 999.99 999.999 999.99 0.999000000000000
 28.083333  28.125000 9999.999 999.99 9999.999 999.99 9999.999 999.99 999.999 999.99 0.999000000000000
 28.125000  28.166667 9999.999 999.99 9999.999 999.99 9999.999 999.99 999.999 999.99 0.999000000000000
 28.166667  28.208333 9999.999 999.99 9999.999 999.99 9999.999 999.99 999.999 999.99 0.999000000000000
 28.208333  28.250000 9999.999 999.99 9999.999 999.99 9999.999 999.99 999.999 999.99 0.999000000000000
 28.250000  28.291667 9999.999 999.99 9999.999 999.99 9999.999 999.99 999.999 999.99 0.999000000000000
 28.291667  28.333333 9999.999 999.99   58.084  29.11   58.084  29.11 999.999 999.99 0.999000000000000
 28.333333  28.375000   62.734  31.44   63.991  32.07   61.736  30.94   0.599   0.30 0.000000000000000
 28.375000  28.416667   61.876  31.01   63.133  31.64   60.359  30.25   0.938   0.47 0.000000000000000
 28.416667  28.458333   58.084  29.11   62.135  31.14   52.298  26.21   2.734   1.37 0.000000000000000
 28.458333  28.500000   53.635  26.88   55.271  27.70   52.278  26.20   0.918   0.46 0.000000000000000
 28.500000  28.541667   54.213  27.17   55.750  27.94   52.797  26.46   0.918   0.46 0.000000000000000
 28.541667  28.583333   57.187  28.66   59.202  29.67   54.473  27.30   1.437   0.72 0.000000000000000
 28.583333  28.625000   60.100  30.12   62.793  31.47   58.344  29.24   1.337   0.67 0.000000000000000
 28.625000  28.666667   64.928  32.54   67.862  34.01   61.556  30.85   1.836   0.92 0.000000000000000
 28.666667  28.708333   69.538  34.85   70.436  35.30   68.899  34.53   0.519   0.26 0.000000000000000
 28.708333  28.750000   69.358  34.76   71.094  35.63   66.624  33.39   1.377   0.69 0.000000000000000
 28.750000  28.791667   56.269  28.20   66.106  33.13   43.858  21.98   7.882   3.95 0.000000000000000
 28.791667  28.833333   56.648  28.39   67.961  34.06   40.266  20.18   8.540   4.28 0.000000000000000
 28.833333  28.875000   67.782  33.97   72.810  36.49   55.810  27.97   6.006   3.01 0.000000000000000
 28.875000  28.916667   72.152  36.16   72.391  36.28   71.812  35.99   0.200   0.10 0.000000000000000
 28.916667  28.958333   72.172  36.17   72.431  36.30   72.072  36.12   0.100   0.05 0.000000000000000
 28.958333  29.000000   72.291  36.23   72.690  36.43   72.092  36.13   0.180   0.09 0.000000000000000
 29.000000  29.041667   66.186  33.17   73.409  36.79   43.718  21.91  10.675   5.35 0.000000000000000
 29.041667  29.083333   57.805  28.97   73.089  36.63   26.219  13.14  14.446   7.24 0.000000000000000
 29.083333  29.125000   74.327  37.25   74.925  37.55   73.309  36.74   0.459   0.23 0.000000000000000
 29.125000  29.166667   75.005  37.59   75.284  37.73   74.726  37.45   0.200   0.10 0.000000000000000
 29.166667  29.208333 9999.999 999.99   75.424  37.80   75.424  37.80 999.999 999.99 0.999000000000000
 29.208333  29.250000 9999.999 999.99 9999.999 999.99 9999.999 999.99 999.999 999.99 0.999000000000000
 29.250000  29.291667   68.161  34.16   70.436  35.30   65.527  32.84   1.796   0.90 0.390456000000000
 29.291667  29.333333   62.335  31.24   63.392  31.77   61.077  30.61   0.698   0.35 0.000000000000000
 29.333333  29.375000   60.000  30.07   60.519  30.33   59.002  29.57   0.519   0.26 0.000000000000000
 29.375000  29.416667   58.284  29.21   58.843  29.49   57.426  28.78   0.559   0.28 0.000000000000000
 29.416667  29.458333   56.967  28.55   57.705  28.92   55.830  27.98   0.579   0.29 0.000000000000000
 29.458333  29.500000   57.426  28.78   59.082  29.61   55.989  28.06   1.018   0.51 0.000000000000000
 29.500000  29.541667   58.903  29.52   60.658  30.40   57.586  28.86   0.918   0.46 0.000000000000000
 29.541667  29.583333   55.630  27.88   56.768  28.45   54.074  27.10   0.978   0.49 0.000000000000000
 29.583333  29.625000   57.246  28.69   59.302  29.72   55.451  27.79   1.177   0.59 0.000000000000000
 29.625000  29.666667   58.084  29.11   58.503  29.32   57.466  28.80   0.299   0.15 0.000000000000000
 29.666667  29.708333   56.967  28.55   57.306  28.72   56.169  28.15   0.339   0.17 0.000000000000000
 29.708333  29.750000   56.329  28.23   56.768  28.45   55.810  27.97   0.339   0.17 0.000000000000000
 29.750000  29.791667   55.471  27.80   56.169  28.15   54.852  27.49   0.399   0.20 0.000000000000000
 29.791667  29.833333   54.992  27.56   55.989  28.06   54.333  27.23   0.499   0.25 0.000000000000000
 29.833333  29.875000   54.792  27.46   55.271  27.70   54.373  27.25   0.299   0.15 0.000000000000000
 29.875000  29.916667   55.830  27.98   56.408  28.27   55.351  27.74   0.319   0.16 0.000000000000000
 29.916667  29.958333   55.610  27.87   56.388  28.26   54.513  27.32   0.579   0.29 0.000000000000000
 29.958333  30.000000   53.894  27.01   54.553  27.34   53.116  26.62   0.479   0.24 0.000000000000000
 30.000000  30.041667   52.877  26.50   53.196  26.66   52.517  26.32   0.219   0.11 0.000000000000000
 30.041667  30.083333 9999.999 999.99   52.797  26.46   52.797  26.46 999.999 999.99 0.999000000000000
 30.083333  30.125000 9999.999 999.99 9999.999 999.99 9999.999 999.99 999.999 999.99 0.999000000000000
 30.125000  30.166667 9999.999 999.99 9999.999 999.99 9999.999 999.99 999.999 999.99 0.999000000000000
 30.166667  30.208333 9999.999 999.99 9999.999 999.99 9999.999 999.99 999.999 999.99 0.999000000000000
 30.208333  30.250000 9999.999 999.99 9999.999 999.99 9999.999 999.99 999.999 999.99 0.999000000000000
 30.250000  30.291667 9999.999 999.99 9999.999 999.99 9999.999 999.99 999.999 999.99 0.999000000000000
 30.291667  30.333333 9999.999 999.99 9999.999 999.99 9999.999 999.99 999.999 999.99 0.999000000000000
 30.333333  30.375000 9999.999 999.99 9999.999 999.99 9999.999 999.99 999.999 999.99 0.999000000000000
 30.375000  30.416667 9999.999 999.99 9999.999 999.99 9999.999 999.99 999.999 999.99 0.999000000000000
 30.416667  30.458333 9999.999 999.99 9999.999 999.99 9999.999 999.99 999.999 999.99 0.999000000000000
 30.458333  30.500000 9999.999 999.99 9999.999 999.99 9999.999 999.99 999.999 999.99 0.999000000000000
 30.500000  30.541667 9999.999 999.99 9999.999 999.99 9999.999 999.99 999.999 999.99 0.999999999999999
 30.541667  30.583333 9999.999 999.99 9999.999 999.99 9999.999 999.99 999.999 999.99 0.999999999999999
 30.583333  30.625000 9999.999 999.99 9999.999 999.99 9999.999 999.99 999.999 999.99 0.999999999999999
 30.625000  30.666667 9999.999 999.99 9999.999 999.99 9999.999 999.99 999.999 999.99 0.999999999999999
 30.666667  30.708333 9999.999 999.99 9999.999 999.99 9999.999 999.99 999.999 999.99 0.999999999999999
 30.708333  30.750000 9999.999 999.99 9999.999 999.99 9999.999 999.99 999.999 999.99 0.999999999999999
 30.750000  30.791667 9999.999 999.99 9999.999 999.99 9999.999 999.99 999.999 999.99 0.999999999999999
 30.791667  30.833333 9999.999 999.99 9999.999 999.99 9999.999 999.99 999.999 999.99 0.999999999999999
 30.833333  30.875000 9999.999 999.99 9999.999 999.99 9999.999 999.99 999.999 999.99 0.999999999999999
 30.875000  30.916667 9999.999 999.99 9999.999 999.99 9999.999 999.99 999.999 999.99 0.999999999999999
 30.916667  30.958333 9999.999 999.99 9999.999 999.99 9999.999 999.99 999.999 999.99 0.999999999999999
 30.958333  31.000000 9999.999 999.99 9999.999 999.99 9999.999 999.99 999.999 999.99 0.999999999999999
 31.000000  31.041667 9999.999 999.99 9999.999 999.99 9999.999 999.99 999.999 999.99 0.999999999999999
 31.041667  31.083333 9999.999 999.99 9999.999 999.99 9999.999 999.99 999.999 999.99 0.999999999999999
 31.083333  31.125000 9999.999 999.99 9999.999 999.99 9999.999 999.99 999.999 999.99 0.999999999999999
 31.125000  31.166667 9999.999 999.99 9999.999 999.99 9999.999 999.99 999.999 999.99 0.999999999999999
 31.166667  31.208333 9999.999 999.99 9999.999 999.99 9999.999 999.99 999.999 999.99 0.999999999999999
 31.208333  31.250000 9999.999 999.99 9999.999 999.99 9999.999 999.99 999.999 999.99 0.999999999999999
 31.250000  31.291667 9999.999 999.99 9999.999 999.99 9999.999 999.99 999.999 999.99 0.999999999999999
 31.291667  31.333333 9999.999 999.99 9999.999 999.99 9999.999 999.99 999.999 999.99 0.999999999999999
 31.333333  31.375000 9999.999 999.99 9999.999 999.99 9999.999 999.99 999.999 999.99 0.999999999999999
 31.375000  31.416667 9999.999 999.99 9999.999 999.99 9999.999 999.99 999.999 999.99 0.999999999999999
 31.416667  31.458333 9999.999 999.99 9999.999 999.99 9999.999 999.99 999.999 999.99 0.999999999999999
 31.458333  31.500000 9999.999 999.99 9999.999 999.99 9999.999 999.99 999.999 999.99 0.999999999999999
 31.500000  31.541667 9999.999 999.99 9999.999 999.99 9999.999 999.99 999.999 999.99 0.999999999999999
 31.541667  31.583333 9999.999 999.99 9999.999 999.99 9999.999 999.99 999.999 999.99 0.999999999999999
 31.583333  31.625000 9999.999 999.99 9999.999 999.99 9999.999 999.99 999.999 999.99 0.999999999999999
 31.625000  31.666667 9999.999 999.99 9999.999 999.99 9999.999 999.99 999.999 999.99 0.999999999999999
 31.666667  31.708333 9999.999 999.99 9999.999 999.99 9999.999 999.99 999.999 999.99 0.999999999999999
 31.708333  31.750000 9999.999 999.99 9999.999 999.99 9999.999 999.99 999.999 999.99 0.999999999999999
 31.750000  31.791667 9999.999 999.99 9999.999 999.99 9999.999 999.99 999.999 999.99 0.999999999999999
 31.791667  31.833333 9999.999 999.99 9999.999 999.99 9999.999 999.99 999.999 999.99 0.999999999999999
 31.833333  31.875000 9999.999 999.99 9999.999 999.99 9999.999 999.99 999.999 999.99 0.999999999999999
 31.875000  31.916667 9999.999 999.99 9999.999 999.99 9999.999 999.99 999.999 999.99 0.999999999999999
 31.916667  31.958333 9999.999 999.99 9999.999 999.99 9999.999 999.99 999.999 999.99 0.999999999999999
 31.958333  32.000000 9999.999 999.99 9999.999 999.99 9999.999 999.99 999.999 999.99 0.999999999999999
 32.000000  32.041667 9999.999 999.99 9999.999 999.99 9999.999 999.99 999.999 999.99 0.999999999999999
 32.041667  32.083333 9999.999 999.99 9999.999 999.99 9999.999 999.99 999.999 999.99 0.999999999999999
 32.083333  32.125000 9999.999 999.99 9999.999 999.99 9999.999 999.99 999.999 999.99 0.999999999999999
 32.125000  32.166667 9999.999 999.99 9999.999 999.99 9999.999 999.99 999.999 999.99 0.999999999999999
 32.166667  32.208333 9999.999 999.99 9999.999 999.99 9999.999 999.99 999.999 999.99 0.999999999999999
 32.208333  32.250000 9999.999 999.99 9999.999 999.99 9999.999 999.99 999.999 999.99 0.999999999999999
 32.250000  32.291667 9999.999 999.99 9999.999 999.99 9999.999 999.99 999.999 999.99 0.999999999999999
 32.291667  32.333333 9999.999 999.99 9999.999 999.99 9999.999 999.99 999.999 999.99 0.999999999999999
