ODEfiles/TIK13_15/RU0100R.20130101090000.20181112120939.uv_abs.ozone.air.1y.1h.US06L_Thermo_49_TIK.US06L_AM.lev2.nas
77 1001
Crepinsek, Sara; Petropavlovskikh, Irina
US06L, National Oceanic and Atmospheric Administration, NOAA/ESRL/GMD, "Earth System Research Laboratory, Global Monitoring Division", 325 Broadway, , CO 80305-3, Boulder, U.S.A.
Crepinsek, Sara
GAW-WDCRG NOAA-ESRL
1 1
2013 01 01 2018 11 12
0.041667
days from file reference point
10
1 1 1 1 1 1 1 1 1 1
999.999999 999.999 999.99 999.999 999.99 999.999 999.99 999.999 999.99 9.999999999999999
end_time of measurement, days from the file reference point
ozone, ug/m3, Statistics=arithmetic mean, Volume std. temperature=293.15 K, Volume std. pressure=1013.25 hPa, Detection limit=1.995 ug/m3, Measurement uncertainty=1.995 ug/m3, Measurement uncertainty expl.=includes statistical uncertainty of individual sample and calibration uncertainty, "Comment=Data converted on import into EBAS from 'nmol/mol' to 'ug/m3' at 293.15 K, 1013.25 hPa, conversion factor 1.99534."
ozone, nmol/mol, Statistics=arithmetic mean, Detection limit=1.0 nmol/mol, Measurement uncertainty=1.0 nmol/mol, Measurement uncertainty expl.=includes statistical uncertainty of individual sample and calibration uncertainty, "Comment=Data converted on import into EBAS from 'nmol/mol' to 'ug/m3' at 293.15 K, 1013.25 hPa, conversion factor 1.99534."
ozone, ug/m3, Statistics=maximum, Volume std. temperature=293.15 K, Volume std. pressure=1013.25 hPa, Detection limit=1.995 ug/m3
ozone, nmol/mol, Statistics=maximum, Detection limit=1.0 nmol/mol
ozone, ug/m3, Statistics=minimum, Volume std. temperature=293.15 K, Volume std. pressure=1013.25 hPa, Detection limit=1.995 ug/m3
ozone, nmol/mol, Statistics=minimum, Detection limit=1.0 nmol/mol
ozone, ug/m3, Statistics=stddev, Volume std. temperature=293.15 K, Volume std. pressure=1013.25 hPa, Detection limit=1.995 ug/m3
ozone, nmol/mol, Statistics=stddev, Detection limit=1.0 nmol/mol
numflag, no unit
0
53
Data definition:              EBAS_1.1
Set type code:                TU
Timezone:                     UTC
File name:                    RU0100R.20130101090000.20181112120939.uv_abs.ozone.air.1y.1h.US06L_Thermo_49_TIK.US06L_AM.lev2.nas
File creation:                20190910074508
Startdate:                    20130101090000
Revision date:                20181112120939
Version:                      1
Version description:          Version numbering not tracked, generated by CPD3 EBAS Export v16-28-gb051b35-m run as da.output.ebas (2628) run by mcclure on aero.cmdl.noaa.gov via da.output.ebas --profile=ozone tik 2013
Data level:                   2
Period code:                  1y
Resolution code:              1h
Sample duration:              1h
Station code:                 RU0100R
Platform code:                RU0100S
Station name:                 Tiksi
Station WDCA-ID:              GAWARU__TIK
Station GAW-ID:               TIK
Station GAW-Name:             Tiksi
Station land use:             Grassland
Station setting:              Coastal
Station GAW type:             R
Station WMO region:           2
Station latitude:             71.5861663818
Station longitude:            128.918823242
Station altitude:             8.0m
Measurement latitude:         71.58617
Measurement longitude:        128.91882
Measurement altitude:         8.0m
Measurement height:           10.0m
Regime:                       IMG
[...]
Instrument model:             49
Instrument serial number:     629719160
Method ref:                   US06L_AM
Standard method:              SOP=GAW_209(2013)
Inlet type:                   Hat or hood
Inlet description:            Downward Facing, teflon inlet bell
Humidity/temperature control description: Automatic
Zero/negative values code:    Zero/negative possible
Zero/negative values:         Zero and neg. values may appear due to statistical variations at very low concentrations
Originator:                   Crepinsek, Sara, sara.crepinsek@noaa.gov, National Oceanic and Atmospheric Administration/Earth System Research Laboratory/Physical Sciences Division, NOAA/ESRL/PSD, , 325 Broadway, , 80305, "Boulder, CO", USA
Originator:                   Petropavlovskikh, Irina, Irina.petro@noaa.gov, National Oceanic and Atmospheric Administration/Earth System Research Laboratory/Global Monitoring Division, NOAA/ESRL/GMD, , 325 Broadway, , 80305, "Boulder, CO", USA
Submitter:                    Crepinsek, Sara, sara.crepinsek@noaa.gov, National Oceanic and Atmospheric Administration/Earth System Research Laboratory/Physical Sciences Division, NOAA/ESRL/PSD, , 325 Broadway, , 80305, "Boulder, CO", USA
Acknowledgement:              "Request Acknowledgement details from data originator. http://dx.doi.org/10.7289/V57P8WBF"
Comment:                      Data converted on import into EBAS from 'nmol/mol' to 'ug/m3' at 293.15 K, 1013.25 hPa, conversion factor 1.99534. Detection limit converted from '1.0 nmol/mol' to '1.995 ug/m3' at 293.15 K, 1013.25 hPa, conversion factor 1.99534.
starttime endtime O3 O3 O3 O3 O3 O3 O3 O3 flag
[from data line 8161]
340.416667 340.458333  37.034  18.56  37.832  18.96  35.976  18.03   0.758   0.38 0.000000000000000
340.458333 340.500000  38.410  19.25  39.109  19.60  37.532  18.81   0.579   0.29 0.000000000000000
340.500000 340.541667  34.599  17.34  37.732  18.91  30.469  15.27   2.714   1.36 0.000000000000000
340.541667 340.583333  33.921  17.00  35.876  17.98  32.265  16.17   1.357   0.68 0.000000000000000
340.583333 340.625000  33.981  17.03  37.692  18.89  24.004  12.03   4.968   2.49 0.000000000000000
340.625000 340.666667  29.112  14.59  33.382  16.73  25.959  13.01   2.594   1.30 0.000000000000000
340.666667 340.708333  33.302  16.69  37.632  18.86  22.667  11.36   4.769   2.39 0.000000000000000
340.708333 340.750000  18.257   9.15  20.871  10.46  13.429   6.73   2.394   1.20 0.000000000000000
340.750000 340.791667  13.469   6.75  16.262   8.15  10.116   5.07   2.155   1.08 0.000000000000000
340.791667 340.833333  12.690   6.36  28.294  14.18   4.270   2.14   7.622   3.82 0.000000000000000
340.833333 340.875000  28.813  14.44  31.048  15.56  24.662  12.36   1.935   0.97 0.000000000000000
340.875000 340.916667  25.560  12.81  27.815  13.94  21.949  11.00   2.035   1.02 0.000000000000000
340.916667 340.958333  22.827  11.44  24.204  12.13  20.851  10.45   1.038   0.52 0.000000000000000
340.958333 341.000000  22.647  11.35  23.206  11.63  22.009  11.03   0.379   0.19 0.000000000000000
341.000000 341.041667  31.606  15.84  42.241  21.17  23.266  11.66   6.525   3.27 0.000000000000000
341.041667 341.083333  41.483  20.79  46.930  23.52  36.934  18.51   2.734   1.37 0.000000000000000
341.083333 341.125000  51.400  25.76  52.737  26.43  48.008  24.06   1.556   0.78 0.000000000000000
341.125000 341.166667  52.757  26.44  52.916  26.52  52.557  26.34   0.100   0.05 0.000000000000000
341.166667 341.208333  52.577  26.35  52.916  26.52  52.358  26.24   0.180   0.09 0.000000000000000
341.208333 341.250000  52.398  26.26  52.657  26.39  52.178  26.15   0.120   0.06 0.000000000000000
341.250000 341.291667  51.600  25.86  52.078  26.10  50.682  25.40   0.479   0.24 0.000000000000000
341.291667 341.333333  52.138  26.13  52.258  26.19  51.839  25.98   0.100   0.05 0.000000000000000
341.333333 341.375000  51.899  26.01  52.118  26.12  51.739  25.93   0.120   0.06 0.000000000000000
341.375000 341.416667  50.781  25.45  51.819  25.97  48.148  24.13   1.177   0.59 0.000000000000000
341.416667 341.458333  48.507  24.31  49.125  24.62  47.828  23.97   0.419   0.21 0.000000000000000
341.458333 341.500000  48.247  24.18  48.607  24.36  47.788  23.95   0.239   0.12 0.000000000000000
341.500000 341.541667  48.267  24.19  48.427  24.27  48.048  24.08   0.140   0.07 0.000000000000000
341.541667 341.583333  47.529  23.82  48.168  24.14  46.132  23.12   0.619   0.31 0.000000000000000
341.583333 341.625000  46.811  23.46  47.389  23.75  46.292  23.20   0.339   0.17 0.000000000000000
341.625000 341.666667  47.469  23.79  47.769  23.94  47.250  23.68   0.160   0.08 0.000000000000000
341.666667 341.708333  45.833  22.97  47.090  23.60  44.616  22.36   0.838   0.42 0.000000000000000
341.708333 341.750000  46.412  23.26  47.010  23.56  45.434  22.77   0.539   0.27 0.000000000000000
341.750000 341.791667  45.454  22.78  45.913  23.01  45.055  22.58   0.319   0.16 0.000000000000000
341.791667 341.833333  45.175  22.64  46.252  23.18  43.658  21.88   0.718   0.36 0.000000000000000
341.833333 341.875000  45.414  22.76  45.953  23.03  45.115  22.61   0.239   0.12 0.000000000000000
341.875000 341.916667  38.430  19.26  44.017  22.06  30.928  15.50   3.632   1.82 0.000000000000000
341.916667 341.958333  38.650  19.37  44.017  22.06  29.990  15.03   5.028   2.52 0.000000000000000
341.958333 342.000000  38.989  19.54  44.736  22.42  32.963  16.52   3.532   1.77 0.000000000000000
342.000000 342.041667  46.172  23.14  48.387  24.25  42.581  21.34   2.115   1.06 0.000000000000000
342.041667 342.083333  46.132  23.12  47.290  23.70  41.543  20.82   1.916   0.96 0.000000000000000
342.083333 342.125000  38.869  19.48  47.729  23.92   3.891   1.95  15.683   7.86 0.394000000000000
342.125000 342.166667  26.199  13.13  50.642  25.38   8.540   4.28  16.721   8.38 0.000000000000000
342.166667 342.208333  51.260  25.69  51.899  26.01  51.021  25.57   0.279   0.14 0.000000000000000
342.208333 342.250000  53.894  27.01  55.471  27.80  52.118  26.12   1.058   0.53 0.000000000000000
342.250000 342.291667  57.286  28.71  57.805  28.97  56.748  28.44   0.379   0.19 0.000000000000000
342.291667 342.333333  57.586  28.86  57.685  28.91  57.486  28.81   0.060   0.03 0.000000000000000
342.333333 342.375000  57.226  28.68  57.506  28.82  56.927  28.53   0.200   0.10 0.000000000000000
342.375000 342.416667  57.226  28.68  57.466  28.80  56.987  28.56   0.140   0.07 0.000000000000000
342.416667 342.458333  57.286  28.71  57.426  28.78  57.127  28.63   0.080   0.04 0.000000000000000
342.458333 342.500000  57.426  28.78  57.705  28.92  57.286  28.71   0.120   0.06 0.000000000000000
342.500000 342.541667  57.107  28.62  57.366  28.75  56.887  28.51   0.140   0.07 0.000000000000000
342.541667 342.583333  56.448  28.29  56.847  28.49  55.949  28.04   0.279   0.14 0.000000000000000
342.583333 342.625000  55.949  28.04  56.109  28.12  55.650  27.89   0.140   0.07 0.000000000000000
342.625000 342.666667  55.730  27.93  56.049  28.09  55.570  27.85   0.120   0.06 0.000000000000000
342.666667 342.708333  55.750  27.94  56.249  28.19  55.530  27.83   0.180   0.09 0.000000000000000
342.708333 342.750000  55.870  28.00  56.009  28.07  55.690  27.91   0.100   0.05 0.000000000000000
342.750000 342.791667  55.251  27.69  55.670  27.90  54.573  27.35   0.359   0.18 0.000000000000000
342.791667 342.833333  53.435  26.78  54.293  27.21  52.697  26.41   0.519   0.26 0.000000000000000
342.833333 342.875000  52.517  26.32  52.737  26.43  52.238  26.18   0.140   0.07 0.000000000000000
342.875000 342.916667  52.517  26.32  52.657  26.39  52.258  26.19   0.100   0.05 0.000000000000000
342.916667 342.958333  52.877  26.50  53.715  26.92  52.458  26.29   0.359   0.18 0.000000000000000
342.958333 343.000000  54.692  27.41  56.009  28.07  53.535  26.83   0.918   0.46 0.000000000000000
343.000000 343.041667  58.164  29.15  60.000  30.07  57.047  28.59   0.998   0.50 0.000000000000000
343.041667 343.083333  65.148  32.65  69.039  34.60  61.277  30.71   2.554   1.28 0.000000000000000
343.083333 343.125000  68.760  34.46  69.558  34.86  68.221  34.19   0.479   0.24 0.000000000000000
343.125000 343.166667  67.842  34.00  68.161  34.16  67.602  33.88   0.180   0.09 0.000000000000000
343.166667 343.208333  68.281  34.22  68.640  34.40  68.001  34.08   0.180   0.09 0.000000000000000
343.208333 343.250000  67.782  33.97  68.640  34.40  66.445  33.30   0.698   0.35 0.000000000000000
343.250000 343.291667  65.986  33.07  66.285  33.22  65.687  32.92   0.160   0.08 0.000000000000000
343.291667 343.333333  65.866  33.01  66.126  33.14  65.647  32.90   0.180   0.09 0.000000000000000
343.333333 343.375000  65.507  32.83  65.647  32.90  65.308  32.73   0.120   0.06 0.000000000000000
343.375000 343.416667  65.747  32.95  65.926  33.04  65.547  32.85   0.100   0.05 0.000000000000000
343.416667 343.458333  65.387  32.77  65.667  32.91  65.068  32.61   0.180   0.09 0.000000000000000
343.458333 343.500000  64.908  32.53  65.228  32.69  64.589  32.37   0.180   0.09 0.000000000000000
343.500000 343.541667  64.350  32.25  64.569  32.36  64.150  32.15   0.140   0.07 0.000000000000000
343.541667 343.583333  63.671  31.91  63.911  32.03  63.392  31.77   0.160   0.08 0.000000000000000
343.583333 343.625000  63.292  31.72  63.512  31.83  63.013  31.58   0.140   0.07 0.000000000000000
343.625000 343.666667  62.833  31.49  63.053  31.60  62.514  31.33   0.160   0.08 0.000000000000000
343.666667 343.708333  62.634  31.39  63.053  31.60  61.257  30.70   0.479   0.24 0.000000000000000
343.708333 343.750000  59.800  29.97  62.434  31.29  56.269  28.20   2.235   1.12 0.000000000000000
343.750000 343.791667  55.929  28.03  56.388  28.26  55.471  27.80   0.279   0.14 0.000000000000000
343.791667 343.833333  54.134  27.13  54.952  27.54  53.415  26.77   0.479   0.24 0.000000000000000
343.833333 343.875000  54.333  27.23  54.632  27.38  53.954  27.04   0.219   0.11 0.000000000000000
343.875000 343.916667  53.675  26.90  53.914  27.02  53.336  26.73   0.160   0.08 0.000000000000000
343.916667 343.958333  53.336  26.73  53.595  26.86  52.976  26.55   0.180   0.09 0.000000000000000
343.958333 344.000000  53.256  26.69  53.475  26.80  52.936  26.53   0.140   0.07 0.000000000000000
344.000000 344.041667  53.595  26.86  53.755  26.94  53.455  26.79   0.100   0.05 0.000000000000000
344.041667 344.083333  53.375  26.75  53.515  26.82  53.236  26.68   0.080   0.04 0.000000000000000
344.083333 344.125000  53.256  26.69  53.455  26.79  53.036  26.58   0.140   0.07 0.000000000000000
344.125000 344.166667  52.757  26.44  52.996  26.56  52.438  26.28   0.160   0.08 0.000000000000000
344.166667 344.208333  51.959  26.04  52.438  26.28  51.200  25.66   0.439   0.22 0.000000000000000
344.208333 344.250000  50.223  25.17  50.841  25.48  49.624  24.87   0.399   0.20 0.000000000000000
344.250000 344.291667  48.826  24.47  49.205  24.66  48.407  24.26   0.259   0.13 0.000000000000000
344.291667 344.333333  48.128  24.12  48.407  24.26  47.629  23.87   0.259   0.13 0.000000000000000
344.333333 344.375000  47.250  23.68  47.629  23.87  46.771  23.44   0.279   0.14 0.000000000000000
344.375000 344.416667  46.711  23.41  47.130  23.62  46.112  23.11   0.299   0.15 0.000000000000000
344.416667 344.458333  45.833  22.97  46.372  23.24  45.214  22.66   0.379   0.19 0.000000000000000
344.458333 344.500000  45.075  22.59  45.394  22.75  44.656  22.38   0.259   0.13 0.000000000000000
344.500000 344.541667  45.175  22.64  45.414  22.76  44.995  22.55   0.120   0.06 0.000000000000000
344.541667 344.583333  45.214  22.66  45.594  22.85  44.835  22.47   0.200   0.10 0.000000000000000
344.583333 344.625000  45.434  22.77  45.614  22.86  45.035  22.57   0.180   0.09 0.000000000000000
344.625000 344.666667  45.035  22.57  45.214  22.66  44.636  22.37   0.160   0.08 0.000000000000000
344.666667 344.708333  44.895  22.50  46.531  23.32  44.456  22.28   0.579   0.29 0.000000000000000
344.708333 344.750000  44.636  22.37  44.855  22.48  44.456  22.28   0.120   0.06 0.000000000000000
344.750000 344.791667  44.975  22.54  45.254  22.68  44.775  22.44   0.120   0.06 0.000000000000000
344.791667 344.833333  45.354  22.73  45.633  22.87  45.015  22.56   0.200   0.10 0.000000000000000
344.833333 344.875000  45.434  22.77  45.893  23.00  45.055  22.58   0.259   0.13 0.000000000000000
344.875000 344.916667  45.813  22.96  46.372  23.24  45.514  22.81   0.219   0.11 0.000000000000000
344.916667 344.958333  46.072  23.09  46.332  23.22  45.653  22.88   0.180   0.09 0.000000000000000
344.958333 345.000000  46.791  23.45  47.110  23.61  46.531  23.32   0.180   0.09 0.000000000000000
345.000000 345.041667  47.130  23.62  47.669  23.89  46.811  23.46   0.239   0.12 0.000000000000000
345.041667 345.083333  48.387  24.25  49.784  24.95  47.429  23.77   0.798   0.40 0.000000000000000
345.083333 345.125000  48.347  24.23  49.105  24.61  47.848  23.98   0.319   0.16 0.000000000000000
345.125000 345.166667  48.786  24.45  49.385  24.75  47.988  24.05   0.519   0.26 0.000000000000000
345.166667 345.208333  49.744  24.93  50.043  25.08  49.245  24.68   0.259   0.13 0.000000000000000
345.208333 345.250000  50.921  25.52  51.939  26.03  49.664  24.89   0.639   0.32 0.000000000000000
345.250000 345.291667  51.280  25.70  52.557  26.34  50.023  25.07   0.898   0.45 0.000000000000000
345.291667 345.333333  49.664  24.89  50.263  25.19  49.185  24.65   0.359   0.18 0.000000000000000
345.333333 345.375000  50.422  25.27  50.702  25.41  50.083  25.10   0.200   0.10 0.000000000000000
345.375000 345.416667  50.762  25.44  51.200  25.66  50.183  25.15   0.299   0.15 0.000000000000000
345.416667 345.458333  50.602  25.36  51.480  25.80  50.143  25.13   0.419   0.21 0.000000000000000
345.458333 345.500000  51.260  25.69  51.719  25.92  50.662  25.39   0.319   0.16 0.000000000000000
345.500000 345.541667  51.300  25.71  52.078  26.10  50.642  25.38   0.419   0.21 0.000000000000000
345.541667 345.583333  52.039  26.08  52.577  26.35  51.620  25.87   0.359   0.18 0.000000000000000
345.583333 345.625000  52.777  26.45  53.096  26.61  52.418  26.27   0.219   0.11 0.000000000000000
345.625000 345.666667  52.857  26.49  53.056  26.59  52.617  26.37   0.140   0.07 0.000000000000000
345.666667 345.708333  54.134  27.13  54.772  27.45  53.774  26.95   0.339   0.17 0.000000000000000
345.708333 345.750000  54.573  27.35  55.231  27.68  53.834  26.98   0.399   0.20 0.000000000000000
345.750000 345.791667  56.089  28.11  56.688  28.41  55.231  27.68   0.379   0.19 0.000000000000000
345.791667 345.833333  56.508  28.32  57.625  28.88  55.710  27.92   0.579   0.29 0.000000000000000
345.833333 345.875000  57.805  28.97  58.883  29.51  56.847  28.49   0.619   0.31 0.000000000000000
345.875000 345.916667  57.386  28.76  58.424  29.28  56.887  28.51   0.419   0.21 0.000000000000000
345.916667 345.958333  59.302  29.72  60.299  30.22  57.925  29.03   0.818   0.41 0.000000000000000
345.958333 346.000000  58.384  29.26  58.863  29.50  57.965  29.05   0.259   0.13 0.000000000000000
346.000000 346.041667  59.661  29.90  61.317  30.73  57.925  29.03   1.357   0.68 0.000000000000000
346.041667 346.083333  64.549  32.35  66.405  33.28  61.856  31.00   1.337   0.67 0.000000000000000
346.083333 346.125000  66.365  33.26  67.183  33.67  64.948  32.55   0.778   0.39 0.000000000000000
346.125000 346.166667  66.146  33.15  66.904  33.53  65.008  32.58   0.519   0.26 0.456000000000000
346.166667 346.208333  67.004  33.58  67.263  33.71  66.824  33.49   0.160   0.08 0.000000000000000
346.208333 346.250000  65.946  33.05  66.505  33.33  65.188  32.67   0.419   0.21 0.000000000000000
346.250000 346.291667  64.609  32.38  65.148  32.65  63.991  32.07   0.419   0.21 0.000000000000000
346.291667 346.333333  64.988  32.57  66.884  33.52  63.532  31.84   1.237   0.62 0.000000000000000
346.333333 346.375000  65.946  33.05  66.325  33.24  65.487  32.82   0.259   0.13 0.000000000000000
346.375000 346.416667  63.671  31.91  64.849  32.50  62.075  31.11   0.898   0.45 0.000000000000000
346.416667 346.458333  61.337  30.74  61.616  30.88  61.117  30.63   0.180   0.09 0.000000000000000
346.458333 346.500000  62.075  31.11  62.335  31.24  61.896  31.02   0.140   0.07 0.000000000000000
346.500000 346.541667  60.599  30.37  62.215  31.18  59.142  29.64   1.077   0.54 0.000000000000000
346.541667 346.583333  58.843  29.49  59.441  29.79  58.623  29.38   0.239   0.12 0.000000000000000
346.583333 346.625000  59.840  29.99  60.199  30.17  59.461  29.80   0.239   0.12 0.000000000000000
346.625000 346.666667  61.018  30.58  62.315  31.23  60.040  30.09   0.718   0.36 0.000000000000000
346.666667 346.708333  63.711  31.93  64.290  32.22  63.033  31.59   0.439   0.22 0.000000000000000
346.708333 346.750000  64.031  32.09  64.549  32.35  63.711  31.93   0.239   0.12 0.000000000000000
346.750000 346.791667  64.609  32.38  64.869  32.51  64.410  32.28   0.140   0.07 0.000000000000000
346.791667 346.833333  64.031  32.09  64.330  32.24  63.272  31.71   0.319   0.16 0.000000000000000
346.833333 346.875000  65.447  32.80  69.119  34.64  63.212  31.68   1.955   0.98 0.000000000000000
346.875000 346.916667  71.593  35.88  72.830  36.50  69.877  35.02   0.918   0.46 0.000000000000000
346.916667 346.958333  73.688  36.93  74.805  37.49  72.650  36.41   0.778   0.39 0.000000000000000
346.958333 347.000000  75.025  37.60  75.723  37.95  74.446  37.31   0.439   0.22 0.000000000000000
347.000000 347.041667  76.681  38.43  77.020  38.60  76.023  38.10   0.319   0.16 0.000000000000000
