ODEfiles/TIK13_15/RU0100R.20140101000000.20181112120939.uv_abs.ozone.air.1y.1h.US06L_Thermo_49_TIK.US06L_AM.lev2.nas
77 1001
Crepinsek, Sara; Petropavlovskikh, Irina
US06L, National Oceanic and Atmospheric Administration, NOAA/ESRL/GMD, "Earth System Research Laboratory, Global Monitoring Division", 325 Broadway, , CO 80305-3, Boulder, U.S.A.
Crepinsek, Sara
GAW-WDCRG NOAA-ESRL
1 1
2014 01 01 2018 11 12
0.041667
days from file reference point
10
1 1 1 1 1 1 1 1 1 1
999.999999 9999.999 999.99 9999.999 999.99 9999.999 999.99 999.999 999.99 9.999999999999999
end_time of measurement, days from the file reference point
ozone, ug/m3, Statistics=arithmetic mean, Volume std. temperature=293.15 K, Volume std. pressure=1013.25 hPa, Detection limit=1.995 ug/m3, Measurement uncertainty=1.995 ug/m3, Measurement uncertainty expl.=includes statistical uncertainty of individual sample and calibration uncertainty, "Comment=Data converted on import into EBAS from 'nmol/mol' to 'ug/m3' at 293.15 K, 1013.25 hPa, conversion factor 1.99534."
ozone, nmol/mol, Statistics=arithmetic mean, Detection limit=1.0 nmol/mol, Measurement uncertainty=1.0 nmol/mol, Measurement uncertainty expl.=includes statistical uncertainty of individual sample and calibration uncertainty, "Comment=Data converted on import into EBAS from 'nmol/mol' to 'ug/m3' at 293.15 K, 1013.25 hPa, conversion factor 1.99534."
ozone, ug/m3, Statistics=maximum, Volume std. temperature=293.15 K, Volume std. pressure=1013.25 hPa, Detection limit=1.995 ug/m3
ozone, nmol/mol, Statistics=maximum, Detection limit=1.0 nmol/mol
ozone, ug/m3, Statistics=minimum, Volume std. temperature=293.15 K, Volume std. pressure=1013.25 hPa, Detection limit=1.995 ug/m3
ozone, nmol/mol, Statistics=minimum, Detection limit=1.0 nmol/mol
ozone, ug/m3, Statistics=stddev, Volume std. temperature=293.15 K, Volume std. pressure=1013.25 hPa, Detection limit=1.995 ug/m3
ozone, nmol/mol, Statistics=stddev, Detection limit=1.0 nmol/mol
numflag, no unit
0
53
Data definition:              EBAS_1.1
Set type code:                TU
Timezone:                     UTC
File name:                    RU0100R.20140101000000.20181112120939.uv_abs.ozone.air.1y.1h.US06L_Thermo_49_TIK.US06L_AM.lev2.nas
File creation:                20190910074509
Startdate:                    20140101000000
Revision date:                20181112120939
Version:                      1
Version description:          Version numbering not tracked, generated by CPD3 EBAS Export v16-28-gb051b35-m run as da.output.ebas (2551) run by mcclure on aero.cmdl.noaa.gov via da.output.ebas --profile=ozone tik 2014
Data level:                   2
Period code:                  1y
Resolution code:              1h
Sample duration:              1h
Station code:                 RU0100R
Platform code:                RU0100S
Station name:                 Tiksi
Station WDCA-ID:              GAWARU__TIK
Station GAW-ID:               TIK
Station GAW-Name:             Tiksi
Station land use:             Grassland
Station setting:              Coastal
Station GAW type:             R
Station WMO region:           2
Station latitude:             71.5861663818
Station longitude:            128.918823242
Station altitude:             8.0m
Measurement latitude:         71.58617
Measurement longitude:        128.91882
Measurement altitude:         8.0m
Measurement height:           10.0m
Regime:                       IMG
[...]
Instrument model:             49
Instrument serial number:     629719160
Method ref:                   US06L_AM
Standard method:              SOP=GAW_209(2013)
Inlet type:                   Hat or hood
Inlet description:            Downward Facing, teflon inlet bell
Humidity/temperature control description: Automatic
Zero/negative values code:    Zero/negative possible
Zero/negative values:         Zero and neg. values may appear due to statistical variations at very low concentrations
Originator:                   Crepinsek, Sara, sara.crepinsek@noaa.gov, National Oceanic and Atmospheric Administration/Earth System Research Laboratory/Physical Sciences Division, NOAA/ESRL/PSD, , 325 Broadway, , 80305, "Boulder, CO", USA
Originator:                   Petropavlovskikh, Irina, Irina.petro@noaa.gov, National Oceanic and Atmospheric Administration/Earth System Research Laboratory/Global Monitoring Division, NOAA/ESRL/GMD, , 325 Broadway, , 80305, "Boulder, CO", USA
Submitter:                    Crepinsek, Sara, sara.crepinsek@noaa.gov, National Oceanic and Atmospheric Administration/Earth System Research Laboratory/Physical Sciences Division, NOAA/ESRL/PSD, , 325 Broadway, , 80305, "Boulder, CO", USA
Acknowledgement:              "Request Acknowledgement details from data originator. http://dx.doi.org/10.7289/V57P8WBF"
Comment:                      Data converted on import into EBAS from 'nmol/mol' to 'ug/m3' at 293.15 K, 1013.25 hPa, conversion factor 1.99534. Detection limit converted from '1.0 nmol/mol' to '1.995 ug/m3' at 293.15 K, 1013.25 hPa, conversion factor 1.99534.
starttime endtime O3 O3 O3 O3 O3 O3 O3 O3 flag
[from data line 4350]
181.250000 181.291667   38.809  19.45   39.248  19.67   38.291  19.19   0.319   0.16 0.000000000000000
181.291667 181.333333   39.727  19.91   40.027  20.06   39.368  19.73   0.200   0.10 0.000000000000000
181.333333 181.375000   40.346  20.22   40.805  20.45   39.847  19.97   0.319   0.16 0.000000000000000
181.375000 181.416667   40.446  20.27   40.645  20.37   39.548  19.82   0.299   0.15 0.000000000000000
181.416667 181.458333   39.867  19.98   40.565  20.33   39.428  19.76   0.359   0.18 0.000000000000000
181.458333 181.500000   39.348  19.72   39.847  19.97   38.770  19.43   0.299   0.15 0.000000000000000
181.500000 181.541667   38.989  19.54   39.348  19.72   38.610  19.35   0.239   0.12 0.000000000000000
181.541667 181.583333   38.430  19.26   38.630  19.36   38.231  19.16   0.140   0.07 0.000000000000000
181.583333 181.625000   37.951  19.02   38.350  19.22   37.273  18.68   0.359   0.18 0.000000000000000
181.625000 181.666667   37.393  18.74   37.712  18.90   37.113  18.60   0.180   0.09 0.000000000000000
181.666667 181.708333   37.113  18.60   37.233  18.66   36.954  18.52   0.080   0.04 0.000000000000000
181.708333 181.750000   37.353  18.72   38.031  19.06   36.754  18.42   0.459   0.23 0.000000000000000
181.750000 181.791667   38.410  19.25   38.889  19.49   38.051  19.07   0.279   0.14 0.000000000000000
181.791667 181.833333   38.450  19.27   38.730  19.41   38.051  19.07   0.200   0.10 0.000000000000000
181.833333 181.875000   38.350  19.22   38.650  19.37   37.971  19.03   0.200   0.10 0.000000000000000
181.875000 181.916667   38.231  19.16   38.690  19.39   37.812  18.95   0.279   0.14 0.000000000000000
181.916667 181.958333   38.550  19.32   38.929  19.51   38.211  19.15   0.200   0.10 0.000000000000000
181.958333 182.000000   38.989  19.54   39.368  19.73   38.570  19.33   0.259   0.13 0.000000000000000
182.000000 182.041667   38.809  19.45   39.588  19.84   38.470  19.28   0.319   0.16 0.000000000000000
182.041667 182.083333   38.231  19.16   38.849  19.47   37.752  18.92   0.379   0.19 0.000000000000000
182.083333 182.125000   38.410  19.25   38.710  19.40   38.091  19.09   0.200   0.10 0.000000000000000
182.125000 182.166667   39.488  19.79   40.206  20.15   38.869  19.48   0.339   0.17 0.000000000000000
182.166667 182.208333   39.967  20.03   40.805  20.45   39.488  19.79   0.439   0.22 0.000000000000000
182.208333 182.250000   40.725  20.41   41.104  20.60   40.286  20.19   0.279   0.14 0.000000000000000
182.250000 182.291667   40.725  20.41   41.144  20.62   40.426  20.26   0.219   0.11 0.000000000000000
182.291667 182.333333   40.426  20.26   40.865  20.48   39.548  19.82   0.419   0.21 0.000000000000000
182.333333 182.375000   39.947  20.02   40.166  20.13   39.747  19.92   0.140   0.07 0.000000000000000
182.375000 182.416667   40.725  20.41   41.743  20.92   39.787  19.94   0.559   0.28 0.000000000000000
182.416667 182.458333   40.286  20.19   41.004  20.55   39.448  19.77   0.439   0.22 0.000000000000000
182.458333 182.500000   39.987  20.04   40.685  20.39   39.149  19.62   0.399   0.20 0.000000000000000
182.500000 182.541667   39.089  19.59   39.667  19.88   38.690  19.39   0.279   0.14 0.000000000000000
182.541667 182.583333   38.949  19.52   39.408  19.75   38.530  19.31   0.259   0.13 0.000000000000000
182.583333 182.625000   38.211  19.15   39.029  19.56   36.774  18.43   0.838   0.42 0.000000000000000
182.625000 182.666667   37.572  18.83   40.665  20.38   34.679  17.38   2.115   1.06 0.000000000000000
182.666667 182.708333   27.536  13.80   30.130  15.10   23.804  11.93   1.836   0.92 0.000000000000000
182.708333 182.750000   29.252  14.66   31.487  15.78   27.815  13.94   1.157   0.58 0.000000000000000
182.750000 182.791667   30.509  15.29   32.125  16.10   28.813  14.44   1.077   0.54 0.000000000000000
182.791667 182.833333   30.369  15.22   32.185  16.13   26.099  13.08   2.075   1.04 0.000000000000000
182.833333 182.875000   40.765  20.43   43.678  21.89   37.193  18.64   2.155   1.08 0.000000000000000
182.875000 182.916667   42.860  21.48   43.878  21.99   41.024  20.56   1.018   0.51 0.000000000000000
182.916667 182.958333   43.937  22.02   45.374  22.74   40.406  20.25   1.676   0.84 0.000000000000000
182.958333 183.000000   39.009  19.55   44.257  22.18   25.281  12.67   5.068   2.54 0.000000000000000
183.000000 183.041667   39.827  19.96   45.414  22.76   31.107  15.59   4.051   2.03 0.000000000000000
183.041667 183.083333   42.521  21.31   43.718  21.91   40.745  20.42   0.938   0.47 0.000000000000000
183.083333 183.125000   42.481  21.29   43.578  21.84   41.463  20.78   0.559   0.28 0.000000000000000
183.125000 183.166667   41.822  20.96   42.461  21.28   41.004  20.55   0.359   0.18 0.000000000000000
183.166667 183.208333   44.317  22.21   45.614  22.86   42.541  21.32   0.938   0.47 0.000000000000000
183.208333 183.250000   46.691  23.40   48.287  24.20   44.356  22.23   1.277   0.64 0.000000000000000
183.250000 183.291667   47.429  23.77   48.088  24.10   46.731  23.42   0.399   0.20 0.000000000000000
183.291667 183.333333   46.891  23.50   48.088  24.10   44.556  22.33   1.097   0.55 0.000000000000000
183.333333 183.375000   42.381  21.24   43.319  21.71   41.423  20.76   0.658   0.33 0.000000000000000
183.375000 183.416667   40.665  20.38   41.363  20.73   40.286  20.19   0.379   0.19 0.000000000000000
183.416667 183.458333   40.306  20.20   40.745  20.42   39.967  20.03   0.239   0.12 0.000000000000000
183.458333 183.500000   40.406  20.25   40.745  20.42   39.767  19.93   0.279   0.14 0.000000000000000
183.500000 183.541667   40.525  20.31   40.964  20.53   40.027  20.06   0.299   0.15 0.000000000000000
183.541667 183.583333   40.505  20.30   42.042  21.07   39.767  19.93   0.738   0.37 0.000000000000000
183.583333 183.625000   42.201  21.15   43.798  21.95   41.363  20.73   0.698   0.35 0.000000000000000
183.625000 183.666667   40.246  20.17   42.082  21.09   38.909  19.50   1.058   0.53 0.000000000000000
183.666667 183.708333   38.650  19.37   39.707  19.90   36.076  18.08   1.157   0.58 0.000000000000000
183.708333 183.750000   38.909  19.50   39.628  19.86   37.872  18.98   0.599   0.30 0.000000000000000
183.750000 183.791667   38.350  19.22   39.109  19.60   37.532  18.81   0.579   0.29 0.000000000000000
183.791667 183.833333   37.512  18.80   38.211  19.15   36.615  18.35   0.519   0.26 0.000000000000000
183.833333 183.875000   38.071  19.08   38.450  19.27   37.752  18.92   0.239   0.12 0.000000000000000
183.875000 183.916667   37.093  18.59   37.333  18.71   36.615  18.35   0.239   0.12 0.000000000000000
183.916667 183.958333   36.415  18.25   36.654  18.37   35.856  17.97   0.259   0.13 0.000000000000000
183.958333 184.000000   35.717  17.90   36.116  18.10   35.457  17.77   0.219   0.11 0.000000000000000
184.000000 184.041667   35.457  17.77   35.757  17.92   34.839  17.46   0.299   0.15 0.000000000000000
184.041667 184.083333   35.258  17.67   35.796  17.94   34.958  17.52   0.239   0.12 0.000000000000000
184.083333 184.125000   37.313  18.70   38.889  19.49   36.036  18.06   1.097   0.55 0.000000000000000
184.125000 184.166667   38.670  19.38   39.029  19.56   38.231  19.16   0.319   0.16 0.000000000000000
184.166667 184.208333   39.867  19.98   40.785  20.44   38.949  19.52   0.559   0.28 0.000000000000000
184.208333 184.250000   41.802  20.95   43.379  21.74   40.585  20.34   0.878   0.44 0.000000000000000
184.250000 184.291667   43.459  21.78   44.676  22.39   42.621  21.36   0.678   0.34 0.000000000000000
184.291667 184.333333   46.452  23.28   48.108  24.11   45.633  22.87   0.678   0.34 0.000000000000000
184.333333 184.375000   48.307  24.21   48.766  24.44   47.489  23.80   0.339   0.17 0.000000000000000
184.375000 184.416667   46.072  23.09   46.911  23.51   44.556  22.33   0.738   0.37 0.000000000000000
184.416667 184.458333   44.576  22.34   44.935  22.52   43.898  22.00   0.359   0.18 0.000000000000000
184.458333 184.500000   45.115  22.61   45.813  22.96   44.396  22.25   0.399   0.20 0.000000000000000
184.500000 184.541667   44.935  22.52   45.853  22.98   43.838  21.97   0.539   0.27 0.000000000000000
184.541667 184.583333   44.017  22.06   45.833  22.97   42.561  21.33   0.918   0.46 0.000000000000000
184.583333 184.625000   44.137  22.12   46.392  23.25   42.102  21.10   1.596   0.80 0.000000000000000
184.625000 184.666667   42.860  21.48   44.197  22.15   40.905  20.50   0.998   0.50 0.000000000000000
184.666667 184.708333   40.166  20.13   40.525  20.31   39.867  19.98   0.219   0.11 0.000000000000000
184.708333 184.750000   39.707  19.90   40.505  20.30   38.989  19.54   0.499   0.25 0.000000000000000
184.750000 184.791667   38.450  19.27   39.109  19.60   37.652  18.87   0.479   0.24 0.000000000000000
184.791667 184.833333   36.914  18.50   37.652  18.87   35.717  17.90   0.579   0.29 0.000000000000000
184.833333 184.875000   34.719  17.40   35.218  17.65   33.901  16.99   0.379   0.19 0.000000000000000
184.875000 184.916667   33.342  16.71   34.041  17.06   32.444  16.26   0.539   0.27 0.000000000000000
184.916667 184.958333   33.861  16.97   36.255  18.17   32.963  16.52   0.998   0.50 0.000000000000000
184.958333 185.000000   38.331  19.21   40.226  20.16   36.974  18.53   1.257   0.63 0.000000000000000
185.000000 185.041667   42.142  21.12   43.439  21.77   41.324  20.71   0.639   0.32 0.000000000000000
185.041667 185.083333   43.578  21.84   44.017  22.06   43.299  21.70   0.180   0.09 0.000000000000000
185.083333 185.125000   42.381  21.24   43.419  21.76   41.104  20.60   0.738   0.37 0.000000000000000
185.125000 185.166667   43.419  21.76   43.858  21.98   42.780  21.44   0.319   0.16 0.000000000000000
185.166667 185.208333   43.718  21.91   44.197  22.15   43.099  21.60   0.279   0.14 0.000000000000000
185.208333 185.250000   45.494  22.80   46.551  23.33   44.436  22.27   0.639   0.32 0.000000000000000
185.250000 185.291667   46.831  23.47   49.105  24.61   44.955  22.53   1.357   0.68 0.000000000000000
185.291667 185.333333   45.534  22.82   46.591  23.35   43.977  22.04   0.678   0.34 0.000000000000000
185.333333 185.375000   50.143  25.13   50.901  25.51   48.846  24.48   0.579   0.29 0.000000000000000
185.375000 185.416667   50.442  25.28   50.801  25.46   50.043  25.08   0.259   0.13 0.000000000000000
185.416667 185.458333   49.504  24.81   50.223  25.17   48.706  24.41   0.459   0.23 0.000000000000000
185.458333 185.500000   47.250  23.68   48.367  24.24   45.554  22.83   0.978   0.49 0.000000000000000
185.500000 185.541667   47.449  23.78   48.068  24.09   46.631  23.37   0.419   0.21 0.000000000000000
185.541667 185.583333   45.733  22.92   46.631  23.37   44.217  22.16   0.738   0.37 0.000000000000000
185.583333 185.625000   41.344  20.72   43.359  21.73   39.009  19.55   1.457   0.73 0.000000000000000
185.625000 185.666667   38.091  19.09   38.630  19.36   37.113  18.60   0.439   0.22 0.000000000000000
185.666667 185.708333   38.570  19.33   39.667  19.88   37.193  18.64   0.718   0.36 0.000000000000000
185.708333 185.750000   37.073  18.58   38.470  19.28   34.779  17.43   1.137   0.57 0.000000000000000
185.750000 185.791667   35.118  17.60   35.956  18.02   33.203  16.64   0.698   0.35 0.000000000000000
185.791667 185.833333   34.340  17.21   35.138  17.61   33.861  16.97   0.379   0.19 0.000000000000000
185.833333 185.875000   33.262  16.67   33.801  16.94   32.384  16.23   0.419   0.21 0.000000000000000
185.875000 185.916667   31.626  15.85   32.205  16.14   30.589  15.33   0.479   0.24 0.000000000000000
185.916667 185.958333   31.227  15.65   31.487  15.78   30.808  15.44   0.200   0.10 0.000000000000000
185.958333 186.000000   31.327  15.70   31.666  15.87   31.028  15.55   0.239   0.12 0.000000000000000
186.000000 186.041667   30.589  15.33   31.546  15.81   30.190  15.13   0.359   0.18 0.000000000000000
186.041667 186.083333   31.207  15.64   32.364  16.22   30.249  15.16   0.698   0.35 0.000000000000000
186.083333 186.125000   32.025  16.05   32.803  16.44   31.267  15.67   0.479   0.24 0.000000000000000
186.125000 186.166667   34.460  17.27   35.737  17.91   33.242  16.66   0.718   0.36 0.000000000000000
186.166667 186.208333   35.657  17.87   37.393  18.74   34.938  17.51   0.599   0.30 0.000000000000000
186.208333 186.250000   37.592  18.84   39.049  19.57   36.595  18.34   0.658   0.33 0.000000000000000
186.250000 186.291667   39.248  19.67   40.106  20.10   38.510  19.30   0.459   0.23 0.000000000000000
186.291667 186.333333   40.206  20.15   41.523  20.81   38.410  19.25   0.858   0.43 0.000000000000000
186.333333 186.375000   38.011  19.05   39.588  19.84   35.776  17.93   1.177   0.59 0.000000000000000
186.375000 186.416667   38.929  19.51   40.486  20.29   37.373  18.73   0.838   0.42 0.000000000000000
186.416667 186.458333   37.473  18.78   39.927  20.01   34.440  17.26   1.357   0.68 0.000000000000000
186.458333 186.500000   31.526  15.80   33.761  16.92   27.097  13.58   2.095   1.05 0.000000000000000
186.500000 186.541667   27.576  13.82   29.950  15.01   26.159  13.11   1.297   0.65 0.000000000000000
186.541667 186.583333   25.740  12.90   26.498  13.28   24.682  12.37   0.539   0.27 0.000000000000000
186.583333 186.625000   23.445  11.75   25.241  12.65   22.168  11.11   1.038   0.52 0.000000000000000
186.625000 186.666667   21.330  10.69   21.669  10.86   20.772  10.41   0.299   0.15 0.000000000000000
186.666667 186.708333   23.864  11.96   27.236  13.65   22.208  11.13   1.636   0.82 0.000000000000000
186.708333 186.750000   25.261  12.66   29.531  14.80   16.901   8.47   4.250   2.13 0.000000000000000
186.750000 186.791667   31.327  15.70   41.284  20.69   19.056   9.55   6.465   3.24 0.000000000000000
186.791667 186.833333   37.951  19.02   44.496  22.30   28.913  14.49   4.928   2.47 0.000000000000000
186.833333 186.875000   35.497  17.79   40.745  20.42   28.972  14.52   3.931   1.97 0.000000000000000
186.875000 186.916667   39.647  19.87   42.401  21.25   35.477  17.78   2.454   1.23 0.000000000000000
186.916667 186.958333   34.599  17.34   42.660  21.38   26.837  13.45   5.906   2.96 0.000000000000000
186.958333 187.000000   39.847  19.97   44.955  22.53   35.597  17.84   3.213   1.61 0.000000000000000
187.000000 187.041667   37.153  18.62   43.199  21.65   26.777  13.42   6.525   3.27 0.000000000000000
187.041667 187.083333   30.988  15.53   41.064  20.58   16.462   8.25   7.822   3.92 0.000000000000000
187.083333 187.125000   37.712  18.90   41.902  21.00   32.025  16.05   3.552   1.78 0.000000000000000
187.125000 187.166667   37.892  18.99   38.909  19.50   36.595  18.34   0.698   0.35 0.000000000000000
187.166667 187.208333   38.091  19.09   39.208  19.65   36.395  18.24   0.978   0.49 0.000000000000000
187.208333 187.250000   38.370  19.23   40.386  20.24   36.774  18.43   1.177   0.59 0.000000000000000
187.250000 187.291667   40.027  20.06   41.244  20.67   39.428  19.76   0.519   0.26 0.000000000000000
187.291667 187.333333   33.183  16.63   34.739  17.41   32.005  16.04   0.918   0.46 0.000000000000000
187.333333 187.375000   30.369  15.22   30.648  15.36   29.990  15.03   0.200   0.10 0.000000000000000
187.375000 187.416667   29.631  14.85   29.990  15.03   29.192  14.63   0.219   0.11 0.000000000000000
187.416667 187.458333   29.671  14.87   29.930  15.00   29.431  14.75   0.140   0.07 0.000000000000000
187.458333 187.500000   30.389  15.23   30.828  15.45   29.551  14.81   0.379   0.19 0.000000000000000
187.500000 187.541667   30.529  15.30   30.788  15.43   30.249  15.16   0.180   0.09 0.000000000000000
187.541667 187.583333   30.609  15.34   31.247  15.66   30.090  15.08   0.379   0.19 0.000000000000000
187.583333 187.625000   31.786  15.93   32.145  16.11   31.586  15.83   0.160   0.08 0.000000000000000
187.625000 187.666667   32.165  16.12   32.624  16.35   31.407  15.74   0.399   0.20 0.000000000000000
