ODEfiles/TIK13_15/RU0100R.20140101000000.20181112120939.uv_abs.ozone.air.1y.1h.US06L_Thermo_49_TIK.US06L_AM.lev2.nas
77 1001
Crepinsek, Sara; Petropavlovskikh, Irina
US06L, National Oceanic and Atmospheric Administration, NOAA/ESRL/GMD, "Earth System Research Laboratory, Global Monitoring Division", 325 Broadway, , CO 80305-3, Boulder, U.S.A.
Crepinsek, Sara
GAW-WDCRG NOAA-ESRL
1 1
2014 01 01 2018 11 12
0.041667
days from file reference point
10
1 1 1 1 1 1 1 1 1 1
999.999999 9999.999 999.99 9999.999 999.99 9999.999 999.99 999.999 999.99 9.999999999999999
end_time of measurement, days from the file reference point
ozone, ug/m3, Statistics=arithmetic mean, Volume std. temperature=293.15 K, Volume std. pressure=1013.25 hPa, Detection limit=1.995 ug/m3, Measurement uncertainty=1.995 ug/m3, Measurement uncertainty expl.=includes statistical uncertainty of individual sample and calibration uncertainty, "Comment=Data converted on import into EBAS from 'nmol/mol' to 'ug/m3' at 293.15 K, 1013.25 hPa, conversion factor 1.99534."
ozone, nmol/mol, Statistics=arithmetic mean, Detection limit=1.0 nmol/mol, Measurement uncertainty=1.0 nmol/mol, Measurement uncertainty expl.=includes statistical uncertainty of individual sample and calibration uncertainty, "Comment=Data converted on import into EBAS from 'nmol/mol' to 'ug/m3' at 293.15 K, 1013.25 hPa, conversion factor 1.99534."
ozone, ug/m3, Statistics=maximum, Volume std. temperature=293.15 K, Volume std. pressure=1013.25 hPa, Detection limit=1.995 ug/m3
ozone, nmol/mol, Statistics=maximum, Detection limit=1.0 nmol/mol
ozone, ug/m3, Statistics=minimum, Volume std. temperature=293.15 K, Volume std. pressure=1013.25 hPa, Detection limit=1.995 ug/m3
ozone, nmol/mol, Statistics=minimum, Detection limit=1.0 nmol/mol
ozone, ug/m3, Statistics=stddev, Volume std. temperature=293.15 K, Volume std. pressure=1013.25 hPa, Detection limit=1.995 ug/m3
ozone, nmol/mol, Statistics=stddev, Detection limit=1.0 nmol/mol
numflag, no unit
0
53
Data definition:              EBAS_1.1
Set type code:                TU
Timezone:                     UTC
File name:                    RU0100R.20140101000000.20181112120939.uv_abs.ozone.air.1y.1h.US06L_Thermo_49_TIK.US06L_AM.lev2.nas
File creation:                20190910074509
Startdate:                    20140101000000
Revision date:                20181112120939
Version:                      1
Version description:          Version numbering not tracked, generated by CPD3 EBAS Export v16-28-gb051b35-m run as da.output.ebas (2551) run by mcclure on aero.cmdl.noaa.gov via da.output.ebas --profile=ozone tik 2014
Data level:                   2
Period code:                  1y
Resolution code:              1h
Sample duration:              1h
Station code:                 RU0100R
Platform code:                RU0100S
Station name:                 Tiksi
Station WDCA-ID:              GAWARU__TIK
Station GAW-ID:               TIK
Station GAW-Name:             Tiksi
Station land use:             Grassland
Station setting:              Coastal
Station GAW type:             R
Station WMO region:           2
Station latitude:             71.5861663818
Station longitude:            128.918823242
Station altitude:             8.0m
Measurement latitude:         71.58617
Measurement longitude:        128.91882
Measurement altitude:         8.0m
Measurement height:           10.0m
Regime:                       IMG
[...]
Instrument model:             49
Instrument serial number:     629719160
Method ref:                   US06L_AM
Standard method:              SOP=GAW_209(2013)
Inlet type:                   Hat or hood
Inlet description:            Downward Facing, teflon inlet bell
Humidity/temperature control description: Automatic
Zero/negative values code:    Zero/negative possible
Zero/negative values:         Zero and neg. values may appear due to statistical variations at very low concentrations
Originator:                   Crepinsek, Sara, sara.crepinsek@noaa.gov, National Oceanic and Atmospheric Administration/Earth System Research Laboratory/Physical Sciences Division, NOAA/ESRL/PSD, , 325 Broadway, , 80305, "Boulder, CO", USA
Originator:                   Petropavlovskikh, Irina, Irina.petro@noaa.gov, National Oceanic and Atmospheric Administration/Earth System Research Laboratory/Global Monitoring Division, NOAA/ESRL/GMD, , 325 Broadway, , 80305, "Boulder, CO", USA
Submitter:                    Crepinsek, Sara, sara.crepinsek@noaa.gov, National Oceanic and Atmospheric Administration/Earth System Research Laboratory/Physical Sciences Division, NOAA/ESRL/PSD, , 325 Broadway, , 80305, "Boulder, CO", USA
Acknowledgement:              "Request Acknowledgement details from data originator. http://dx.doi.org/10.7289/V57P8WBF"
Comment:                      Data converted on import into EBAS from 'nmol/mol' to 'ug/m3' at 293.15 K, 1013.25 hPa, conversion factor 1.99534. Detection limit converted from '1.0 nmol/mol' to '1.995 ug/m3' at 293.15 K, 1013.25 hPa, conversion factor 1.99534.
starttime endtime O3 O3 O3 O3 O3 O3 O3 O3 flag
[from data line 6991]
291.291667 291.333333   58.124  29.13   60.339  30.24   56.009  28.07   1.477   0.74 0.000000000000000
291.333333 291.375000   55.391  27.76   56.249  28.19   54.812  27.47   0.459   0.23 0.000000000000000
291.375000 291.416667   57.206  28.67   58.723  29.43   56.329  28.23   0.818   0.41 0.000000000000000
291.416667 291.458333   58.683  29.41   59.621  29.88   58.124  29.13   0.479   0.24 0.000000000000000
291.458333 291.500000   59.461  29.80   60.060  30.10   58.922  29.53   0.299   0.15 0.000000000000000
291.500000 291.541667   60.798  30.47   61.377  30.76   60.020  30.08   0.399   0.20 0.000000000000000
291.541667 291.583333   62.175  31.16   63.612  31.88   60.958  30.55   1.058   0.53 0.000000000000000
291.583333 291.625000   63.312  31.73   63.691  31.92   63.053  31.60   0.200   0.10 0.000000000000000
291.625000 291.666667   63.252  31.70   63.352  31.75   62.893  31.52   0.120   0.06 0.000000000000000
291.666667 291.708333   62.873  31.51   63.272  31.71   62.454  31.30   0.299   0.15 0.000000000000000
291.708333 291.750000   62.354  31.25   62.953  31.55   61.796  30.97   0.399   0.20 0.000000000000000
291.750000 291.791667   60.539  30.34   61.816  30.98   58.883  29.51   1.137   0.57 0.000000000000000
291.791667 291.833333   59.541  29.84   62.554  31.35   58.104  29.12   1.397   0.70 0.000000000000000
291.833333 291.875000   62.534  31.34   63.212  31.68   61.836  30.99   0.419   0.21 0.000000000000000
291.875000 291.916667   62.534  31.34   63.013  31.58   62.015  31.08   0.259   0.13 0.000000000000000
291.916667 291.958333   62.095  31.12   62.454  31.30   61.736  30.94   0.239   0.12 0.000000000000000
291.958333 292.000000   61.696  30.92   62.335  31.24   61.157  30.65   0.319   0.16 0.000000000000000
292.000000 292.041667   62.394  31.27   63.512  31.83   61.397  30.77   0.758   0.38 0.000000000000000
292.041667 292.083333   62.354  31.25   63.173  31.66   60.878  30.51   0.878   0.44 0.000000000000000
292.083333 292.125000   60.419  30.28   60.958  30.55   59.302  29.72   0.459   0.23 0.000000000000000
292.125000 292.166667   60.120  30.13   60.638  30.39   59.461  29.80   0.319   0.16 0.000000000000000
292.166667 292.208333   60.160  30.15   60.998  30.57   59.501  29.82   0.399   0.20 0.000000000000000
292.208333 292.250000   59.022  29.58   59.361  29.75   58.344  29.24   0.319   0.16 0.000000000000000
292.250000 292.291667   58.583  29.36   59.381  29.76   57.765  28.95   0.539   0.27 0.000000000000000
292.291667 292.333333   58.543  29.34   58.883  29.51   58.144  29.14   0.219   0.11 0.000000000000000
292.333333 292.375000   59.381  29.76   60.219  30.18   59.042  29.59   0.359   0.18 0.000000000000000
292.375000 292.416667   60.319  30.23   60.658  30.40   59.940  30.04   0.200   0.10 0.000000000000000
292.416667 292.458333   61.097  30.62   62.634  31.39   60.439  30.29   0.738   0.37 0.000000000000000
292.458333 292.500000   63.292  31.72   63.951  32.05   62.694  31.42   0.379   0.19 0.000000000000000
292.500000 292.541667   63.093  31.62   63.711  31.93   62.215  31.18   0.539   0.27 0.000000000000000
292.541667 292.583333   62.275  31.21   63.312  31.73   61.596  30.87   0.519   0.26 0.000000000000000
292.583333 292.625000   64.230  32.19   64.809  32.48   63.592  31.87   0.339   0.17 0.000000000000000
292.625000 292.666667   63.033  31.59   64.789  32.47   61.776  30.96   0.978   0.49 0.000000000000000
292.666667 292.708333   65.268  32.71   65.966  33.06   64.569  32.36   0.479   0.24 0.000000000000000
292.708333 292.750000   64.609  32.38   65.587  32.87   62.754  31.45   1.077   0.54 0.000000000000000
292.750000 292.791667   65.507  32.83   66.445  33.30   63.472  31.81   0.858   0.43 0.000000000000000
292.791667 292.833333   66.066  33.11   66.664  33.41   64.789  32.47   0.539   0.27 0.000000000000000
292.833333 292.875000   64.130  32.14   64.310  32.23   63.911  32.03   0.140   0.07 0.000000000000000
292.875000 292.916667   65.048  32.60   66.186  33.17   64.070  32.11   0.738   0.37 0.000000000000000
292.916667 292.958333   65.707  32.93   66.245  33.20   64.948  32.55   0.419   0.21 0.000000000000000
292.958333 293.000000   65.587  32.87   67.024  33.59   63.352  31.75   1.257   0.63 0.000000000000000
293.000000 293.041667   61.796  30.97   62.394  31.27   61.257  30.70   0.319   0.16 0.000000000000000
293.041667 293.083333   61.097  30.62   61.656  30.90   60.698  30.42   0.299   0.15 0.000000000000000
293.083333 293.125000   60.738  30.44   62.155  31.15   59.282  29.71   1.038   0.52 0.000000000000000
293.125000 293.166667   58.444  29.29   59.102  29.62   57.167  28.65   0.539   0.27 0.000000000000000
293.166667 293.208333   59.820  29.98   64.569  32.36   57.147  28.64   2.734   1.37 0.000000000000000
293.208333 293.250000   68.161  34.16   70.316  35.24   65.906  33.03   1.477   0.74 0.000000000000000
293.250000 293.291667   71.753  35.96   72.910  36.54   70.914  35.54   0.539   0.27 0.000000000000000
293.291667 293.333333   72.930  36.55   73.329  36.75   72.371  36.27   0.279   0.14 0.000000000000000
293.333333 293.375000   73.149  36.66   73.469  36.82   72.870  36.52   0.200   0.10 0.000000000000000
293.375000 293.416667   73.708  36.94   74.067  37.12   73.409  36.79   0.200   0.10 0.000000000000000
293.416667 293.458333   72.990  36.58   73.389  36.78   72.411  36.29   0.279   0.14 0.000000000000000
293.458333 293.500000   72.132  36.15   72.331  36.25   71.872  36.02   0.120   0.06 0.000000000000000
293.500000 293.541667   72.311  36.24   72.730  36.45   71.912  36.04   0.279   0.14 0.000000000000000
293.541667 293.583333   72.770  36.47   73.049  36.61   72.391  36.28   0.160   0.08 0.000000000000000
293.583333 293.625000   73.329  36.75   73.888  37.03   72.830  36.50   0.359   0.18 0.000000000000000
293.625000 293.666667   74.167  37.17   74.805  37.49   73.748  36.96   0.359   0.18 0.000000000000000
293.666667 293.708333   75.344  37.76   76.282  38.23   74.346  37.26   0.559   0.28 0.000000000000000
293.708333 293.750000   76.222  38.20   76.661  38.42   75.584  37.88   0.299   0.15 0.000000000000000
293.750000 293.791667   75.643  37.91   76.541  38.36   74.606  37.39   0.718   0.36 0.000000000000000
293.791667 293.833333   74.486  37.33   74.865  37.52   74.147  37.16   0.180   0.09 0.000000000000000
293.833333 293.875000   74.067  37.12   74.426  37.30   73.648  36.91   0.200   0.10 0.000000000000000
293.875000 293.916667   75.005  37.59   75.484  37.83   74.666  37.42   0.239   0.12 0.000000000000000
293.916667 293.958333   74.466  37.32   74.865  37.52   73.888  37.03   0.299   0.15 0.000000000000000
293.958333 294.000000   74.267  37.22   74.825  37.50   73.608  36.89   0.439   0.22 0.000000000000000
294.000000 294.041667   73.728  36.95   74.147  37.16   72.930  36.55   0.339   0.17 0.000000000000000
294.041667 294.083333   72.670  36.42   72.910  36.54   72.371  36.27   0.160   0.08 0.000000000000000
294.083333 294.125000   72.012  36.09   72.192  36.18   71.872  36.02   0.120   0.06 0.000000000000000
294.125000 294.166667   70.336  35.25   71.254  35.71   69.697  34.93   0.379   0.19 0.000000000000000
294.166667 294.208333   69.797  34.98   69.997  35.08   69.637  34.90   0.100   0.05 0.000000000000000
294.208333 294.250000   69.458  34.81   69.777  34.97   69.099  34.63   0.219   0.11 0.000000000000000
294.250000 294.291667   69.278  34.72   70.376  35.27   68.400  34.28   0.599   0.30 0.000000000000000
294.291667 294.333333   70.555  35.36   71.513  35.84   70.017  35.09   0.419   0.21 0.000000000000000
294.333333 294.375000   72.690  36.43   73.728  36.95   71.174  35.67   0.918   0.46 0.000000000000000
294.375000 294.416667   73.349  36.76   74.147  37.16   72.790  36.48   0.479   0.24 0.000000000000000
294.416667 294.458333   73.429  36.80   73.808  36.99   73.010  36.59   0.200   0.10 0.000000000000000
294.458333 294.500000   73.927  37.05   75.404  37.79   71.872  36.02   1.117   0.56 0.000000000000000
294.500000 294.541667   74.945  37.56   75.404  37.79   74.586  37.38   0.239   0.12 0.000000000000000
294.541667 294.583333   76.721  38.45   77.359  38.77   76.481  38.33   0.319   0.16 0.000000000000000
294.583333 294.625000   77.719  38.95   78.676  39.43   76.960  38.57   0.559   0.28 0.000000000000000
294.625000 294.666667   78.656  39.42   79.255  39.72   78.457  39.32   0.219   0.11 0.000000000000000
294.666667 294.708333   78.976  39.58   79.195  39.69   78.676  39.43   0.160   0.08 0.000000000000000
294.708333 294.750000   78.656  39.42   78.876  39.53   78.457  39.32   0.140   0.07 0.000000000000000
294.750000 294.791667   78.896  39.54   81.250  40.72   77.699  38.94   1.277   0.64 0.000000000000000
294.791667 294.833333   79.115  39.65   80.472  40.33   78.277  39.23   0.818   0.41 0.000000000000000
294.833333 294.875000   79.155  39.67   79.654  39.92   78.776  39.48   0.239   0.12 0.000000000000000
294.875000 294.916667   79.674  39.93   80.133  40.16   79.335  39.76   0.279   0.14 0.000000000000000
294.916667 294.958333   80.093  40.14   80.592  40.39   79.295  39.74   0.379   0.19 0.000000000000000
294.958333 295.000000   78.437  39.31   79.973  40.08   76.741  38.46   0.898   0.45 0.000000000000000
295.000000 295.041667   76.781  38.48   77.639  38.91   73.488  36.83   1.097   0.55 0.000000000000000
295.041667 295.083333   77.918  39.05   78.477  39.33   77.459  38.82   0.339   0.17 0.000000000000000
295.083333 295.125000   77.000  38.59   77.300  38.74   76.641  38.41   0.219   0.11 0.000000000000000
295.125000 295.166667   76.541  38.36   76.761  38.47   76.322  38.25   0.140   0.07 0.000000000000000
295.166667 295.208333   76.621  38.40   76.940  38.56   76.402  38.29   0.160   0.08 0.000000000000000
295.208333 295.250000   76.701  38.44   77.120  38.65   76.342  38.26   0.239   0.12 0.000000000000000
295.250000 295.291667   76.601  38.39   77.220  38.70   76.122  38.15   0.319   0.16 0.000000000000000
295.291667 295.333333   76.501  38.34   77.100  38.64   76.122  38.15   0.239   0.12 0.000000000000000
295.333333 295.375000   75.683  37.93   76.481  38.33   74.027  37.10   0.619   0.31 0.000000000000000
295.375000 295.416667   75.165  37.67   75.584  37.88   74.726  37.45   0.279   0.14 0.000000000000000
295.416667 295.458333   75.145  37.66   75.404  37.79   74.825  37.50   0.180   0.09 0.000000000000000
295.458333 295.500000   75.683  37.93   76.122  38.15   75.424  37.80   0.219   0.11 0.000000000000000
295.500000 295.541667   76.621  38.40   77.160  38.67   76.102  38.14   0.359   0.18 0.000000000000000
295.541667 295.583333   77.140  38.66   77.399  38.79   76.861  38.52   0.140   0.07 0.000000000000000
295.583333 295.625000   76.821  38.50   76.960  38.57   76.382  38.28   0.180   0.09 0.000000000000000
295.625000 295.666667   77.579  38.88   79.095  39.64   76.641  38.41   0.998   0.50 0.000000000000000
295.666667 295.708333   77.579  38.88   78.257  39.22   76.681  38.43   0.599   0.30 0.000000000000000
295.708333 295.750000   79.095  39.64   79.554  39.87   78.178  39.18   0.379   0.19 0.000000000000000
295.750000 295.791667   79.075  39.63   79.494  39.84   78.577  39.38   0.299   0.15 0.000000000000000
295.791667 295.833333   78.397  39.29   78.736  39.46   77.878  39.03   0.279   0.14 0.000000000000000
295.833333 295.875000   78.098  39.14   78.197  39.19   77.978  39.08   0.080   0.04 0.000000000000000
295.875000 295.916667   74.386  37.28   77.918  39.05   60.658  30.40   4.909   2.46 0.000000000000000
295.916667 295.958333   75.943  38.06   77.559  38.87   66.026  33.09   3.232   1.62 0.000000000000000
295.958333 296.000000   70.296  35.23   77.938  39.06   50.861  25.49   8.520   4.27 0.000000000000000
296.000000 296.041667   72.311  36.24   77.519  38.85   51.600  25.86   7.303   3.66 0.000000000000000
296.041667 296.083333   71.513  35.84   76.761  38.47   56.907  28.52   5.667   2.84 0.000000000000000
296.083333 296.125000   75.983  38.08   76.701  38.44   75.324  37.75   0.419   0.21 0.000000000000000
296.125000 296.166667   76.442  38.31   77.040  38.61   75.703  37.94   0.399   0.20 0.000000000000000
296.166667 296.208333   76.442  38.31   76.841  38.51   75.783  37.98   0.279   0.14 0.000000000000000
296.208333 296.250000   77.060  38.62   77.858  39.02   76.402  38.29   0.519   0.26 0.000000000000000
296.250000 296.291667   77.200  38.69   78.038  39.11   76.003  38.09   0.579   0.29 0.000000000000000
296.291667 296.333333   76.841  38.51   77.878  39.03   75.843  38.01   0.539   0.27 0.000000000000000
296.333333 296.375000   77.300  38.74   77.559  38.87   77.080  38.63   0.140   0.07 0.000000000000000
296.375000 296.416667   77.180  38.68   77.619  38.90   76.801  38.49   0.279   0.14 0.000000000000000
296.416667 296.458333   77.479  38.83   77.699  38.94   77.240  38.71   0.160   0.08 0.000000000000000
296.458333 296.500000   77.040  38.61   77.220  38.70   76.861  38.52   0.120   0.06 0.000000000000000
296.500000 296.541667   76.182  38.18   76.641  38.41   75.544  37.86   0.399   0.20 0.000000000000000
296.541667 296.583333   74.746  37.46   75.165  37.67   74.007  37.09   0.339   0.17 0.000000000000000
296.583333 296.625000   74.127  37.15   74.506  37.34   73.868  37.02   0.200   0.10 0.000000000000000
296.625000 296.666667   73.149  36.66   73.588  36.88   72.591  36.38   0.299   0.15 0.000000000000000
296.666667 296.708333   73.189  36.68   73.688  36.93   73.049  36.61   0.180   0.09 0.000000000000000
296.708333 296.750000   73.149  36.66   73.888  37.03   72.371  36.27   0.459   0.23 0.000000000000000
296.750000 296.791667   73.269  36.72   75.165  37.67   72.211  36.19   0.998   0.50 0.000000000000000
296.791667 296.833333   75.963  38.07   76.322  38.25   75.604  37.89   0.239   0.12 0.000000000000000
296.833333 296.875000   75.783  37.98   76.442  38.31   75.165  37.67   0.439   0.22 0.000000000000000
296.875000 296.916667   74.925  37.55   75.244  37.71   74.406  37.29   0.259   0.13 0.000000000000000
296.916667 296.958333   74.526  37.35   74.686  37.43   74.406  37.29   0.080   0.04 0.000000000000000
296.958333 297.000000   74.327  37.25   74.626  37.40   74.087  37.13   0.160   0.08 0.000000000000000
297.000000 297.041667   73.648  36.91   74.327  37.25   73.189  36.68   0.339   0.17 0.000000000000000
297.041667 297.083333   73.907  37.04   75.264  37.72   73.010  36.59   0.898   0.45 0.000000000000000
297.083333 297.125000   74.187  37.18   75.264  37.72   71.852  36.01   0.978   0.49 0.000000000000000
297.125000 297.166667   74.027  37.10   74.586  37.38   72.910  36.54   0.459   0.23 0.000000000000000
297.166667 297.208333   73.209  36.69   73.868  37.02   72.411  36.29   0.499   0.25 0.000000000000000
297.208333 297.250000   73.269  36.72   73.907  37.04   72.630  36.40   0.399   0.20 0.000000000000000
297.250000 297.291667   74.386  37.28   75.145  37.66   73.888  37.03   0.379   0.19 0.000000000000000
297.291667 297.333333   74.486  37.33   74.805  37.49   74.067  37.12   0.180   0.09 0.000000000000000
297.333333 297.375000   75.484  37.83   76.362  38.27   74.925  37.55   0.399   0.20 0.000000000000000
297.375000 297.416667   75.983  38.08   76.382  38.28   75.224  37.70   0.399   0.20 0.000000000000000
297.416667 297.458333   75.384  37.78   75.803  37.99   72.551  36.36   0.918   0.46 0.000000000000000
297.458333 297.500000   72.092  36.13   72.611  36.39   71.573  35.87   0.359   0.18 0.000000000000000
297.500000 297.541667   72.411  36.29   72.950  36.56   71.912  36.04   0.279   0.14 0.000000000000000
297.541667 297.583333   73.209  36.69   74.067  37.12   72.371  36.27   0.519   0.26 0.000000000000000
297.583333 297.625000   72.970  36.57   74.327  37.25   71.194  35.68   1.038   0.52 0.000000000000000
297.625000 297.666667   71.952  36.06   73.129  36.65   70.775  35.47   0.579   0.29 0.000000000000000
297.666667 297.708333   72.331  36.25   72.950  36.56   72.032  36.10   0.279   0.14 0.000000000000000
