ODEfiles/TIK13_15/RU0100R.20130101090000.20181112120939.uv_abs.ozone.air.1y.1h.US06L_Thermo_49_TIK.US06L_AM.lev2.nas
77 1001
Crepinsek, Sara; Petropavlovskikh, Irina
US06L, National Oceanic and Atmospheric Administration, NOAA/ESRL/GMD, "Earth System Research Laboratory, Global Monitoring Division", 325 Broadway, , CO 80305-3, Boulder, U.S.A.
Crepinsek, Sara
GAW-WDCRG NOAA-ESRL
1 1
2013 01 01 2018 11 12
0.041667
days from file reference point
10
1 1 1 1 1 1 1 1 1 1
999.999999 999.999 999.99 999.999 999.99 999.999 999.99 999.999 999.99 9.999999999999999
end_time of measurement, days from the file reference point
ozone, ug/m3, Statistics=arithmetic mean, Volume std. temperature=293.15 K, Volume std. pressure=1013.25 hPa, Detection limit=1.995 ug/m3, Measurement uncertainty=1.995 ug/m3, Measurement uncertainty expl.=includes statistical uncertainty of individual sample and calibration uncertainty, "Comment=Data converted on import into EBAS from 'nmol/mol' to 'ug/m3' at 293.15 K, 1013.25 hPa, conversion factor 1.99534."
ozone, nmol/mol, Statistics=arithmetic mean, Detection limit=1.0 nmol/mol, Measurement uncertainty=1.0 nmol/mol, Measurement uncertainty expl.=includes statistical uncertainty of individual sample and calibration uncertainty, "Comment=Data converted on import into EBAS from 'nmol/mol' to 'ug/m3' at 293.15 K, 1013.25 hPa, conversion factor 1.99534."
ozone, ug/m3, Statistics=maximum, Volume std. temperature=293.15 K, Volume std. pressure=1013.25 hPa, Detection limit=1.995 ug/m3
ozone, nmol/mol, Statistics=maximum, Detection limit=1.0 nmol/mol
ozone, ug/m3, Statistics=minimum, Volume std. temperature=293.15 K, Volume std. pressure=1013.25 hPa, Detection limit=1.995 ug/m3
ozone, nmol/mol, Statistics=minimum, Detection limit=1.0 nmol/mol
ozone, ug/m3, Statistics=stddev, Volume std. temperature=293.15 K, Volume std. pressure=1013.25 hPa, Detection limit=1.995 ug/m3
ozone, nmol/mol, Statistics=stddev, Detection limit=1.0 nmol/mol
numflag, no unit
0
53
Data definition:              EBAS_1.1
Set type code:                TU
Timezone:                     UTC
File name:                    RU0100R.20130101090000.20181112120939.uv_abs.ozone.air.1y.1h.US06L_Thermo_49_TIK.US06L_AM.lev2.nas
File creation:                20190910074508
Startdate:                    20130101090000
Revision date:                20181112120939
Version:                      1
Version description:          Version numbering not tracked, generated by CPD3 EBAS Export v16-28-gb051b35-m run as da.output.ebas (2628) run by mcclure on aero.cmdl.noaa.gov via da.output.ebas --profile=ozone tik 2013
Data level:                   2
Period code:                  1y
Resolution code:              1h
Sample duration:              1h
Station code:                 RU0100R
Platform code:                RU0100S
Station name:                 Tiksi
Station WDCA-ID:              GAWARU__TIK
Station GAW-ID:               TIK
Station GAW-Name:             Tiksi
Station land use:             Grassland
Station setting:              Coastal
Station GAW type:             R
Station WMO region:           2
Station latitude:             71.5861663818
Station longitude:            128.918823242
Station altitude:             8.0m
Measurement latitude:         71.58617
Measurement longitude:        128.91882
Measurement altitude:         8.0m
Measurement height:           10.0m
Regime:                       IMG
[...]
Instrument model:             49
Instrument serial number:     629719160
Method ref:                   US06L_AM
Standard method:              SOP=GAW_209(2013)
Inlet type:                   Hat or hood
Inlet description:            Downward Facing, teflon inlet bell
Humidity/temperature control description: Automatic
Zero/negative values code:    Zero/negative possible
Zero/negative values:         Zero and neg. values may appear due to statistical variations at very low concentrations
Originator:                   Crepinsek, Sara, sara.crepinsek@noaa.gov, National Oceanic and Atmospheric Administration/Earth System Research Laboratory/Physical Sciences Division, NOAA/ESRL/PSD, , 325 Broadway, , 80305, "Boulder, CO", USA
Originator:                   Petropavlovskikh, Irina, Irina.petro@noaa.gov, National Oceanic and Atmospheric Administration/Earth System Research Laboratory/Global Monitoring Division, NOAA/ESRL/GMD, , 325 Broadway, , 80305, "Boulder, CO", USA
Submitter:                    Crepinsek, Sara, sara.crepinsek@noaa.gov, National Oceanic and Atmospheric Administration/Earth System Research Laboratory/Physical Sciences Division, NOAA/ESRL/PSD, , 325 Broadway, , 80305, "Boulder, CO", USA
Acknowledgement:              "Request Acknowledgement details from data originator. http://dx.doi.org/10.7289/V57P8WBF"
Comment:                      Data converted on import into EBAS from 'nmol/mol' to 'ug/m3' at 293.15 K, 1013.25 hPa, conversion factor 1.99534. Detection limit converted from '1.0 nmol/mol' to '1.995 ug/m3' at 293.15 K, 1013.25 hPa, conversion factor 1.99534.
starttime endtime O3 O3 O3 O3 O3 O3 O3 O3 flag
[from data line 3841]
160.416667 160.458333  30.688  15.38  31.327  15.70  29.910  14.99   0.419   0.21 0.000000000000000
160.458333 160.500000  30.389  15.23  31.167  15.62  29.691  14.88   0.419   0.21 0.000000000000000
160.500000 160.541667  28.992  14.53  30.170  15.12  27.416  13.74   0.838   0.42 0.000000000000000
160.541667 160.583333  27.316  13.69  27.975  14.02  26.119  13.09   0.519   0.26 0.000000000000000
160.583333 160.625000  26.159  13.11  27.137  13.60  25.042  12.55   0.519   0.26 0.000000000000000
160.625000 160.666667  24.184  12.12  27.117  13.59  21.390  10.72   2.355   1.18 0.000000000000000
160.666667 160.708333  22.348  11.20  23.804  11.93  20.572  10.31   1.038   0.52 0.000000000000000
160.708333 160.750000  20.951  10.50  22.068  11.06  19.834   9.94   0.619   0.31 0.000000000000000
160.750000 160.791667  21.570  10.81  23.365  11.71  19.135   9.59   1.437   0.72 0.000000000000000
160.791667 160.833333  23.765  11.91  25.201  12.63  22.667  11.36   0.758   0.38 0.000000000000000
160.833333 160.875000  26.319  13.19  27.236  13.65  25.261  12.66   0.619   0.31 0.000000000000000
160.875000 160.916667  29.810  14.94  30.629  15.35  28.354  14.21   0.619   0.31 0.000000000000000
160.916667 160.958333  30.728  15.40  31.167  15.62  30.269  15.17   0.279   0.14 0.000000000000000
160.958333 161.000000  30.529  15.30  31.048  15.56  29.571  14.82   0.399   0.20 0.000000000000000
161.000000 161.041667  30.569  15.32  31.067  15.57  30.289  15.18   0.239   0.12 0.000000000000000
161.041667 161.083333  30.868  15.47  31.267  15.67  30.509  15.29   0.259   0.13 0.000000000000000
161.083333 161.125000  30.788  15.43  31.327  15.70  30.329  15.20   0.279   0.14 0.000000000000000
161.125000 161.166667  30.828  15.45  31.447  15.76  30.090  15.08   0.359   0.18 0.000000000000000
161.166667 161.208333  31.327  15.70  31.786  15.93  30.748  15.41   0.299   0.15 0.000000000000000
161.208333 161.250000  31.028  15.55  31.247  15.66  30.688  15.38   0.160   0.08 0.000000000000000
161.250000 161.291667  29.571  14.82  31.008  15.54  28.234  14.15   0.718   0.36 0.000000000000000
161.291667 161.333333  29.810  14.94  30.648  15.36  29.172  14.62   0.479   0.24 0.000000000000000
161.333333 161.375000  30.529  15.30  30.948  15.51  30.030  15.05   0.279   0.14 0.000000000000000
161.375000 161.416667  31.127  15.60  31.826  15.95  30.609  15.34   0.399   0.20 0.000000000000000
161.416667 161.458333  31.487  15.78  32.803  16.44  29.751  14.91   0.878   0.44 0.000000000000000
161.458333 161.500000  31.387  15.73  32.005  16.04  30.150  15.11   0.559   0.28 0.000000000000000
161.500000 161.541667  30.150  15.11  30.928  15.50  29.312  14.69   0.539   0.27 0.000000000000000
161.541667 161.583333  28.913  14.49  29.930  15.00  28.214  14.14   0.559   0.28 0.000000000000000
161.583333 161.625000  31.826  15.95  33.183  16.63  30.489  15.28   0.978   0.49 0.000000000000000
161.625000 161.666667  32.305  16.19  32.484  16.28  31.806  15.94   0.200   0.10 0.000000000000000
161.666667 161.708333  30.509  15.29  33.462  16.77  27.815  13.94   2.035   1.02 0.000000000000000
161.708333 161.750000  26.259  13.16  27.396  13.73  24.742  12.40   0.838   0.42 0.000000000000000
161.750000 161.791667  25.062  12.56  25.640  12.85  24.363  12.21   0.479   0.24 0.000000000000000
161.791667 161.833333  25.939  13.00  26.678  13.37  25.301  12.68   0.479   0.24 0.000000000000000
161.833333 161.875000  25.800  12.93  26.119  13.09  25.281  12.67   0.279   0.14 0.000000000000000
161.875000 161.916667  25.121  12.59  25.800  12.93  23.765  11.91   0.758   0.38 0.000000000000000
161.916667 161.958333  24.184  12.12  24.742  12.40  23.545  11.80   0.419   0.21 0.000000000000000
161.958333 162.000000  23.445  11.75  23.824  11.94  22.767  11.41   0.339   0.17 0.000000000000000
162.000000 162.041667  22.488  11.27  22.667  11.36  22.228  11.14   0.120   0.06 0.000000000000000
162.041667 162.083333  22.747  11.40  23.166  11.61  22.308  11.18   0.259   0.13 0.000000000000000
162.083333 162.125000  23.166  11.61  23.864  11.96  22.088  11.07   0.678   0.34 0.000000000000000
162.125000 162.166667  24.303  12.18  24.762  12.41  24.044  12.05   0.200   0.10 0.000000000000000
162.166667 162.208333  24.842  12.45  25.660  12.86  23.565  11.81   0.579   0.29 0.000000000000000
162.208333 162.250000  23.525  11.79  24.184  12.12  22.807  11.43   0.479   0.24 0.000000000000000
162.250000 162.291667  21.470  10.76  24.722  12.39  16.980   8.51   2.574   1.29 0.000000000000000
162.291667 162.333333  20.512  10.28  21.230  10.64  19.754   9.90   0.439   0.22 0.000000000000000
162.333333 162.375000  24.403  12.23  32.364  16.22  19.754   9.90   4.829   2.42 0.000000000000000
162.375000 162.416667  34.679  17.38  37.153  18.62  32.464  16.27   1.516   0.76 0.000000000000000
162.416667 162.458333  31.606  15.84  32.305  16.19  30.688  15.38   0.539   0.27 0.000000000000000
162.458333 162.500000  30.509  15.29  31.906  15.99  29.551  14.81   0.698   0.35 0.000000000000000
162.500000 162.541667  29.910  14.99  31.087  15.58  28.334  14.20   0.918   0.46 0.000000000000000
162.541667 162.583333  24.243  12.15  26.498  13.28  21.769  10.91   1.756   0.88 0.000000000000000
162.583333 162.625000  22.068  11.06  22.867  11.46  21.490  10.77   0.399   0.20 0.000000000000000
162.625000 162.666667  24.982  12.52  26.578  13.32  22.926  11.49   1.117   0.56 0.000000000000000
162.666667 162.708333  26.518  13.29  28.474  14.27  25.101  12.58   0.938   0.47 0.000000000000000
162.708333 162.750000  28.154  14.11  28.533  14.30  27.256  13.66   0.439   0.22 0.000000000000000
162.750000 162.791667  26.698  13.38  27.356  13.71  25.880  12.97   0.459   0.23 0.000000000000000
162.791667 162.833333  26.718  13.39  27.157  13.61  26.378  13.22   0.239   0.12 0.000000000000000
162.833333 162.875000  26.259  13.16  26.698  13.38  25.979  13.02   0.219   0.11 0.000000000000000
162.875000 162.916667  26.259  13.16  26.578  13.32  26.059  13.06   0.180   0.09 0.000000000000000
162.916667 162.958333  27.556  13.81  28.454  14.26  27.037  13.55   0.439   0.22 0.000000000000000
162.958333 163.000000  28.114  14.09  28.813  14.44  27.017  13.54   0.718   0.36 0.000000000000000
163.000000 163.041667  27.376  13.72  28.035  14.05  27.037  13.55   0.359   0.18 0.000000000000000
163.041667 163.083333  27.755  13.91  28.254  14.16  27.436  13.75   0.319   0.16 0.000000000000000
163.083333 163.125000  27.755  13.91  27.955  14.01  27.496  13.78   0.180   0.09 0.000000000000000
163.125000 163.166667  27.017  13.54  27.476  13.77  26.498  13.28   0.319   0.16 0.000000000000000
163.166667 163.208333  26.319  13.19  26.618  13.34  25.840  12.95   0.239   0.12 0.000000000000000
163.208333 163.250000  25.959  13.01  26.618  13.34  25.161  12.61   0.499   0.25 0.000000000000000
163.250000 163.291667  25.221  12.64  25.660  12.86  24.962  12.51   0.239   0.12 0.000000000000000
163.291667 163.333333  25.042  12.55  25.321  12.69  24.802  12.43   0.160   0.08 0.000000000000000
163.333333 163.375000  25.361  12.71  25.840  12.95  24.882  12.47   0.299   0.15 0.000000000000000
163.375000 163.416667  25.900  12.98  26.698  13.38  25.101  12.58   0.499   0.25 0.000000000000000
163.416667 163.458333  25.321  12.69  27.216  13.64  23.405  11.73   1.137   0.57 0.000000000000000
163.458333 163.500000  22.667  11.36  23.425  11.74  22.288  11.17   0.319   0.16 0.000000000000000
163.500000 163.541667  22.687  11.37  23.346  11.70  22.188  11.12   0.479   0.24 0.000000000000000
163.541667 163.583333  23.226  11.64  24.004  12.03  22.747  11.40   0.399   0.20 0.000000000000000
163.583333 163.625000  25.979  13.02  29.092  14.58  23.365  11.71   1.916   0.96 0.000000000000000
163.625000 163.666667  29.172  14.62  31.506  15.79  28.035  14.05   0.838   0.42 0.000000000000000
163.666667 163.708333  30.668  15.37  32.325  16.20  28.414  14.24   1.177   0.59 0.000000000000000
163.708333 163.750000  28.154  14.11  29.631  14.85  25.700  12.88   1.217   0.61 0.000000000000000
163.750000 163.791667  27.037  13.55  28.613  14.34  25.520  12.79   0.978   0.49 0.000000000000000
163.791667 163.833333  28.035  14.05  29.332  14.70  26.797  13.43   0.918   0.46 0.000000000000000
163.833333 163.875000  30.349  15.21  32.764  16.42  28.194  14.13   1.616   0.81 0.000000000000000
163.875000 163.916667  34.559  17.32  35.876  17.98  32.225  16.15   1.237   0.62 0.000000000000000
163.916667 163.958333  37.273  18.68  38.889  19.49  35.916  18.00   1.018   0.51 0.000000000000000
163.958333 164.000000  41.423  20.76  44.396  22.25  39.368  19.73   1.477   0.74 0.000000000000000
164.000000 164.041667  45.753  22.93  48.487  24.30  43.518  21.81   1.437   0.72 0.000000000000000
164.041667 164.083333  47.848  23.98  49.085  24.60  46.831  23.47   0.778   0.39 0.000000000000000
164.083333 164.125000  44.895  22.50  45.813  22.96  42.960  21.53   0.738   0.37 0.000000000000000
164.125000 164.166667  47.130  23.62  50.582  25.35  45.155  22.63   1.816   0.91 0.000000000000000
164.166667 164.208333  47.848  23.98  49.764  24.94  45.833  22.97   1.137   0.57 0.000000000000000
164.208333 164.250000  46.053  23.08  46.671  23.39  45.135  22.62   0.499   0.25 0.000000000000000
164.250000 164.291667  45.314  22.71  46.033  23.07  44.317  22.21   0.479   0.24 0.000000000000000
164.291667 164.333333  44.177  22.14  45.115  22.61  43.239  21.67   0.539   0.27 0.000000000000000
164.333333 164.375000  43.279  21.69  43.957  22.03  41.583  20.84   0.738   0.37 0.000000000000000
164.375000 164.416667  42.082  21.09  43.179  21.64  40.765  20.43   0.738   0.37 0.000000000000000
164.416667 164.458333  42.142  21.12  42.660  21.38  40.885  20.49   0.499   0.25 0.000000000000000
164.458333 164.500000  37.592  18.84  40.186  20.14  36.315  18.20   1.177   0.59 0.000000000000000
164.500000 164.541667  36.036  18.06  37.034  18.56  34.938  17.51   0.678   0.34 0.000000000000000
164.541667 164.583333  36.535  18.31  37.093  18.59  35.836  17.96   0.399   0.20 0.000000000000000
164.583333 164.625000  36.275  18.18  37.193  18.64  35.757  17.92   0.439   0.22 0.000000000000000
164.625000 164.666667  38.051  19.07  39.588  19.84  36.455  18.27   0.878   0.44 0.000000000000000
164.666667 164.708333  38.909  19.50  39.248  19.67  38.490  19.29   0.259   0.13 0.000000000000000
164.708333 164.750000  38.191  19.14  40.246  20.17  35.976  18.03   1.237   0.62 0.000000000000000
164.750000 164.791667  37.433  18.76  38.430  19.26  36.415  18.25   0.599   0.30 0.000000000000000
164.791667 164.833333  38.989  19.54  39.548  19.82  37.492  18.79   0.539   0.27 0.000000000000000
164.833333 164.875000  38.929  19.51  39.907  20.00  38.131  19.11   0.519   0.26 0.000000000000000
164.875000 164.916667  39.428  19.76  41.603  20.85  38.171  19.13   1.197   0.60 0.000000000000000
164.916667 164.958333  41.563  20.83  42.481  21.29  40.386  20.24   0.639   0.32 0.000000000000000
164.958333 165.000000  43.518  21.81  45.075  22.59  41.663  20.88   1.197   0.60 0.000000000000000
165.000000 165.041667  45.913  23.01  48.108  24.11  44.217  22.16   1.337   0.67 0.000000000000000
165.041667 165.083333  48.008  24.06  49.365  24.74  46.511  23.31   1.018   0.51 0.000000000000000
165.083333 165.125000  34.480  17.28  42.162  21.13  31.107  15.59   2.973   1.49 0.000000000000000
165.125000 165.166667  31.187  15.63  33.302  16.69  30.030  15.05   0.898   0.45 0.000000000000000
165.166667 165.208333  37.872  18.98  41.084  20.59  34.480  17.28   2.315   1.16 0.000000000000000
165.208333 165.250000  41.104  20.60  41.902  21.00  39.967  20.03   0.539   0.27 0.000000000000000
165.250000 165.291667  40.645  20.37  41.403  20.75  40.007  20.05   0.419   0.21 0.000000000000000
165.291667 165.333333  37.532  18.81  39.049  19.57  36.275  18.18   0.758   0.38 0.000000000000000
165.333333 165.375000  35.477  17.78  35.856  17.97  34.819  17.45   0.339   0.17 0.000000000000000
165.375000 165.416667  36.056  18.07  36.475  18.28  35.557  17.82   0.279   0.14 0.000000000000000
165.416667 165.458333  36.255  18.17  36.495  18.29  35.936  18.01   0.140   0.07 0.000000000000000
165.458333 165.500000  34.779  17.43  35.737  17.91  33.661  16.87   0.718   0.36 0.000000000000000
165.500000 165.541667  32.923  16.50  33.362  16.72  32.005  16.04   0.379   0.19 0.000000000000000
165.541667 165.583333  31.806  15.94  33.063  16.57  30.529  15.30   0.758   0.38 0.000000000000000
165.583333 165.625000  30.788  15.43  32.125  16.10  30.229  15.15   0.579   0.29 0.000000000000000
165.625000 165.666667  30.708  15.39  32.444  16.26  28.434  14.25   1.277   0.64 0.000000000000000
165.666667 165.708333  28.753  14.41  30.349  15.21  27.616  13.84   0.778   0.39 0.000000000000000
165.708333 165.750000  30.329  15.20  32.105  16.09  28.354  14.21   1.097   0.55 0.000000000000000
165.750000 165.791667  28.853  14.46  30.130  15.10  27.835  13.95   0.838   0.42 0.000000000000000
165.791667 165.833333  30.888  15.48  31.846  15.96  28.533  14.30   1.077   0.54 0.000000000000000
165.833333 165.875000  29.092  14.58  34.659  17.37  27.496  13.78   2.215   1.11 0.000000000000000
165.875000 165.916667  30.848  15.46  32.065  16.07  29.711  14.89   0.718   0.36 0.000000000000000
165.916667 165.958333  33.222  16.65  34.240  17.16  32.325  16.20   0.539   0.27 0.000000000000000
165.958333 166.000000  32.744  16.41  34.021  17.05  32.085  16.08   0.539   0.27 0.000000000000000
166.000000 166.041667  33.881  16.98  34.499  17.29  32.843  16.46   0.519   0.26 0.000000000000000
166.041667 166.083333  34.140  17.11  34.899  17.49  33.382  16.73   0.539   0.27 0.000000000000000
166.083333 166.125000  34.739  17.41  35.697  17.89  33.602  16.84   0.619   0.31 0.000000000000000
166.125000 166.166667  37.034  18.56  38.211  19.15  35.876  17.98   0.758   0.38 0.000000000000000
166.166667 166.208333  37.612  18.85  38.410  19.25  36.535  18.31   0.658   0.33 0.000000000000000
166.208333 166.250000  37.612  18.85  38.570  19.33  36.654  18.37   0.619   0.31 0.000000000000000
166.250000 166.291667  40.505  20.30  41.483  20.79  38.271  19.18   0.918   0.46 0.000000000000000
166.291667 166.333333  41.862  20.98  43.219  21.66  39.787  19.94   0.818   0.41 0.000000000000000
166.333333 166.375000  44.516  22.31  45.713  22.91  42.401  21.25   0.918   0.46 0.000000000000000
166.375000 166.416667  36.176  18.13  45.853  22.98  24.742  12.40   8.580   4.30 0.000000000000000
166.416667 166.458333  25.660  12.86  27.815  13.94  23.346  11.70   1.437   0.72 0.000000000000000
166.458333 166.500000  36.575  18.33  39.867  19.98  29.950  15.01   2.833   1.42 0.000000000000000
166.500000 166.541667  36.934  18.51  38.670  19.38  35.318  17.70   0.898   0.45 0.000000000000000
166.541667 166.583333  33.103  16.59  33.861  16.97  31.925  16.00   0.619   0.31 0.000000000000000
166.583333 166.625000  30.229  15.15  31.945  16.01  28.713  14.39   1.197   0.60 0.000000000000000
166.625000 166.666667  27.935  14.00  28.693  14.38  27.216  13.64   0.559   0.28 0.000000000000000
166.666667 166.708333  26.039  13.05  26.897  13.48  24.762  12.41   0.718   0.36 0.000000000000000
166.708333 166.750000  25.101  12.58  26.259  13.16  24.283  12.17   0.639   0.32 0.000000000000000
166.750000 166.791667  24.124  12.09  24.662  12.36  23.545  11.80   0.339   0.17 0.000000000000000
166.791667 166.833333  22.009  11.03  23.026  11.54  18.517   9.28   1.297   0.65 0.000000000000000
166.833333 166.875000  21.969  11.01  22.607  11.33  20.612  10.33   0.579   0.29 0.000000000000000
166.875000 166.916667  20.333  10.19  22.707  11.38  14.945   7.49   2.793   1.40 0.000000000000000
166.916667 166.958333  18.377   9.21  21.869  10.96  14.406   7.22   2.474   1.24 0.000000000000000
166.958333 167.000000  23.066  11.56  24.064  12.06  21.210  10.63   0.978   0.49 0.000000000000000
167.000000 167.041667  20.053  10.05  23.625  11.84  12.830   6.43   3.911   1.96 0.000000000000000
