ODEfiles/TIK13_15/RU0100R.20130101090000.20181112120939.uv_abs.ozone.air.1y.1h.US06L_Thermo_49_TIK.US06L_AM.lev2.nas
77 1001
Crepinsek, Sara; Petropavlovskikh, Irina
US06L, National Oceanic and Atmospheric Administration, NOAA/ESRL/GMD, "Earth System Research Laboratory, Global Monitoring Division", 325 Broadway, , CO 80305-3, Boulder, U.S.A.
Crepinsek, Sara
GAW-WDCRG NOAA-ESRL
1 1
2013 01 01 2018 11 12
0.041667
days from file reference point
10
1 1 1 1 1 1 1 1 1 1
999.999999 999.999 999.99 999.999 999.99 999.999 999.99 999.999 999.99 9.999999999999999
end_time of measurement, days from the file reference point
ozone, ug/m3, Statistics=arithmetic mean, Volume std. temperature=293.15 K, Volume std. pressure=1013.25 hPa, Detection limit=1.995 ug/m3, Measurement uncertainty=1.995 ug/m3, Measurement uncertainty expl.=includes statistical uncertainty of individual sample and calibration uncertainty, "Comment=Data converted on import into EBAS from 'nmol/mol' to 'ug/m3' at 293.15 K, 1013.25 hPa, conversion factor 1.99534."
ozone, nmol/mol, Statistics=arithmetic mean, Detection limit=1.0 nmol/mol, Measurement uncertainty=1.0 nmol/mol, Measurement uncertainty expl.=includes statistical uncertainty of individual sample and calibration uncertainty, "Comment=Data converted on import into EBAS from 'nmol/mol' to 'ug/m3' at 293.15 K, 1013.25 hPa, conversion factor 1.99534."
ozone, ug/m3, Statistics=maximum, Volume std. temperature=293.15 K, Volume std. pressure=1013.25 hPa, Detection limit=1.995 ug/m3
ozone, nmol/mol, Statistics=maximum, Detection limit=1.0 nmol/mol
ozone, ug/m3, Statistics=minimum, Volume std. temperature=293.15 K, Volume std. pressure=1013.25 hPa, Detection limit=1.995 ug/m3
ozone, nmol/mol, Statistics=minimum, Detection limit=1.0 nmol/mol
ozone, ug/m3, Statistics=stddev, Volume std. temperature=293.15 K, Volume std. pressure=1013.25 hPa, Detection limit=1.995 ug/m3
ozone, nmol/mol, Statistics=stddev, Detection limit=1.0 nmol/mol
numflag, no unit
0
53
Data definition:              EBAS_1.1
Set type code:                TU
Timezone:                     UTC
File name:                    RU0100R.20130101090000.20181112120939.uv_abs.ozone.air.1y.1h.US06L_Thermo_49_TIK.US06L_AM.lev2.nas
File creation:                20190910074508
Startdate:                    20130101090000
Revision date:                20181112120939
Version:                      1
Version description:          Version numbering not tracked, generated by CPD3 EBAS Export v16-28-gb051b35-m run as da.output.ebas (2628) run by mcclure on aero.cmdl.noaa.gov via da.output.ebas --profile=ozone tik 2013
Data level:                   2
Period code:                  1y
Resolution code:              1h
Sample duration:              1h
Station code:                 RU0100R
Platform code:                RU0100S
Station name:                 Tiksi
Station WDCA-ID:              GAWARU__TIK
Station GAW-ID:               TIK
Station GAW-Name:             Tiksi
Station land use:             Grassland
Station setting:              Coastal
Station GAW type:             R
Station WMO region:           2
Station latitude:             71.5861663818
Station longitude:            128.918823242
Station altitude:             8.0m
Measurement latitude:         71.58617
Measurement longitude:        128.91882
Measurement altitude:         8.0m
Measurement height:           10.0m
Regime:                       IMG
[...]
Instrument model:             49
Instrument serial number:     629719160
Method ref:                   US06L_AM
Standard method:              SOP=GAW_209(2013)
Inlet type:                   Hat or hood
Inlet description:            Downward Facing, teflon inlet bell
Humidity/temperature control description: Automatic
Zero/negative values code:    Zero/negative possible
Zero/negative values:         Zero and neg. values may appear due to statistical variations at very low concentrations
Originator:                   Crepinsek, Sara, sara.crepinsek@noaa.gov, National Oceanic and Atmospheric Administration/Earth System Research Laboratory/Physical Sciences Division, NOAA/ESRL/PSD, , 325 Broadway, , 80305, "Boulder, CO", USA
Originator:                   Petropavlovskikh, Irina, Irina.petro@noaa.gov, National Oceanic and Atmospheric Administration/Earth System Research Laboratory/Global Monitoring Division, NOAA/ESRL/GMD, , 325 Broadway, , 80305, "Boulder, CO", USA
Submitter:                    Crepinsek, Sara, sara.crepinsek@noaa.gov, National Oceanic and Atmospheric Administration/Earth System Research Laboratory/Physical Sciences Division, NOAA/ESRL/PSD, , 325 Broadway, , 80305, "Boulder, CO", USA
Acknowledgement:              "Request Acknowledgement details from data originator. http://dx.doi.org/10.7289/V57P8WBF"
Comment:                      Data converted on import into EBAS from 'nmol/mol' to 'ug/m3' at 293.15 K, 1013.25 hPa, conversion factor 1.99534. Detection limit converted from '1.0 nmol/mol' to '1.995 ug/m3' at 293.15 K, 1013.25 hPa, conversion factor 1.99534.
starttime endtime O3 O3 O3 O3 O3 O3 O3 O3 flag
[from data line 7201]
300.416667 300.458333  52.278  26.20  52.797  26.46  51.759  25.94   0.299   0.15 0.000000000000000
300.458333 300.500000  52.617  26.37  52.936  26.53  52.278  26.20   0.200   0.10 0.000000000000000
300.500000 300.541667  52.817  26.47  53.854  26.99  52.238  26.18   0.459   0.23 0.000000000000000
300.541667 300.583333  52.837  26.48  53.655  26.89  52.078  26.10   0.559   0.28 0.000000000000000
300.583333 300.625000  54.213  27.17  55.451  27.79  53.755  26.94   0.479   0.24 0.000000000000000
300.625000 300.666667  54.213  27.17  54.553  27.34  53.575  26.85   0.299   0.15 0.000000000000000
300.666667 300.708333  54.114  27.12  54.333  27.23  53.914  27.02   0.140   0.07 0.000000000000000
300.708333 300.750000  54.393  27.26  54.593  27.36  54.134  27.13   0.140   0.07 0.000000000000000
300.750000 300.791667  54.054  27.09  54.473  27.30  53.455  26.79   0.319   0.16 0.000000000000000
300.791667 300.833333  52.936  26.53  53.256  26.69  52.458  26.29   0.200   0.10 0.000000000000000
300.833333 300.875000  52.936  26.53  53.236  26.68  52.318  26.22   0.259   0.13 0.000000000000000
300.875000 300.916667  52.797  26.46  53.176  26.65  52.158  26.14   0.319   0.16 0.000000000000000
300.916667 300.958333  51.919  26.02  52.757  26.44  50.921  25.52   0.479   0.24 0.000000000000000
300.958333 301.000000  51.799  25.96  52.178  26.15  50.861  25.49   0.419   0.21 0.000000000000000
301.000000 301.041667  52.138  26.13  52.677  26.40  51.380  25.75   0.459   0.23 0.000000000000000
301.041667 301.083333  52.158  26.14  54.593  27.36  51.101  25.61   1.237   0.62 0.000000000000000
301.083333 301.125000  53.914  27.02  54.692  27.41  53.136  26.63   0.519   0.26 0.000000000000000
301.125000 301.166667  56.428  28.28  58.942  29.54  53.455  26.79   1.576   0.79 0.000000000000000
301.166667 301.208333  59.142  29.64  60.758  30.45  57.546  28.84   1.197   0.60 0.000000000000000
301.208333 301.250000  59.322  29.73  59.960  30.05  58.184  29.16   0.599   0.30 0.000000000000000
301.250000 301.291667  58.124  29.13  58.483  29.31  57.785  28.96   0.219   0.11 0.000000000000000
301.291667 301.333333  57.246  28.69  57.845  28.99  56.568  28.35   0.419   0.21 0.000000000000000
301.333333 301.375000  56.348  28.24  57.206  28.67  55.650  27.89   0.519   0.26 0.000000000000000
301.375000 301.416667  54.074  27.10  55.371  27.75  52.916  26.52   0.678   0.34 0.000000000000000
301.416667 301.458333  52.098  26.11  52.617  26.37  50.861  25.49   0.599   0.30 0.000000000000000
301.458333 301.500000  52.058  26.09  52.617  26.37  51.300  25.71   0.399   0.20 0.000000000000000
301.500000 301.541667  52.118  26.12  52.318  26.22  51.819  25.97   0.180   0.09 0.000000000000000
301.541667 301.583333  51.839  25.98  52.358  26.24  51.380  25.75   0.319   0.16 0.000000000000000
301.583333 301.625000  51.220  25.67  51.500  25.81  50.961  25.54   0.160   0.08 0.000000000000000
301.625000 301.666667  52.098  26.11  52.458  26.29  51.779  25.95   0.219   0.11 0.000000000000000
301.666667 301.708333  54.333  27.23  55.790  27.96  53.515  26.82   0.758   0.38 0.000000000000000
301.708333 301.750000  56.049  28.09  56.847  28.49  54.692  27.41   0.639   0.32 0.000000000000000
301.750000 301.791667  56.967  28.55  57.685  28.91  56.249  28.19   0.399   0.20 0.000000000000000
301.791667 301.833333  56.867  28.50  57.286  28.71  55.929  28.03   0.439   0.22 0.000000000000000
301.833333 301.875000  58.384  29.26  58.683  29.41  58.264  29.20   0.140   0.07 0.000000000000000
301.875000 301.916667  58.903  29.52  59.302  29.72  58.523  29.33   0.219   0.11 0.000000000000000
301.916667 301.958333  58.783  29.46  59.541  29.84  58.144  29.14   0.379   0.19 0.000000000000000
301.958333 302.000000  58.244  29.19  58.623  29.38  57.546  28.84   0.299   0.15 0.000000000000000
302.000000 302.041667  57.625  28.88  58.284  29.21  56.588  28.36   0.599   0.30 0.000000000000000
302.041667 302.083333  57.246  28.69  57.685  28.91  56.568  28.35   0.379   0.19 0.000000000000000
302.083333 302.125000  57.546  28.84  58.064  29.10  56.967  28.55   0.319   0.16 0.000000000000000
302.125000 302.166667  56.867  28.50  57.366  28.75  56.309  28.22   0.259   0.13 0.000000000000000
302.166667 302.208333  56.748  28.44  57.127  28.63  56.488  28.31   0.180   0.09 0.000000000000000
302.208333 302.250000  57.266  28.70  57.665  28.90  56.648  28.39   0.359   0.18 0.000000000000000
302.250000 302.291667  57.625  28.88  57.825  28.98  57.426  28.78   0.100   0.05 0.000000000000000
302.291667 302.333333  57.586  28.86  57.785  28.96  57.446  28.79   0.120   0.06 0.000000000000000
302.333333 302.375000  57.965  29.05  58.304  29.22  57.725  28.93   0.180   0.09 0.000000000000000
302.375000 302.416667  57.865  29.00  58.324  29.23  57.566  28.85   0.219   0.11 0.000000000000000
302.416667 302.458333  57.606  28.87  57.925  29.03  57.326  28.73   0.160   0.08 0.000000000000000
302.458333 302.500000  57.266  28.70  57.725  28.93  56.708  28.42   0.339   0.17 0.000000000000000
302.500000 302.541667  56.548  28.34  56.927  28.53  55.949  28.04   0.279   0.14 0.000000000000000
302.541667 302.583333  56.488  28.31  56.907  28.52  56.049  28.09   0.259   0.13 0.000000000000000
302.583333 302.625000  57.306  28.72  57.625  28.88  57.127  28.63   0.160   0.08 0.000000000000000
302.625000 302.666667  57.326  28.73  57.725  28.93  57.127  28.63   0.180   0.09 0.000000000000000
302.666667 302.708333  57.286  28.71  57.486  28.81  56.947  28.54   0.160   0.08 0.000000000000000
302.708333 302.750000  57.087  28.61  57.286  28.71  56.887  28.51   0.120   0.06 0.000000000000000
302.750000 302.791667  57.206  28.67  57.426  28.78  57.067  28.60   0.100   0.05 0.000000000000000
302.791667 302.833333  57.246  28.69  57.446  28.79  57.027  28.58   0.120   0.06 0.000000000000000
302.833333 302.875000  57.206  28.67  57.346  28.74  57.007  28.57   0.120   0.06 0.000000000000000
302.875000 302.916667  57.326  28.73  57.625  28.88  57.167  28.65   0.140   0.07 0.000000000000000
302.916667 302.958333  57.386  28.76  57.645  28.89  57.187  28.66   0.140   0.07 0.000000000000000
302.958333 303.000000  57.586  28.86  57.885  29.01  57.366  28.75   0.140   0.07 0.000000000000000
303.000000 303.041667  58.384  29.26  59.142  29.64  57.865  29.00   0.419   0.21 0.000000000000000
303.041667 303.083333  59.780  29.96  60.040  30.09  59.521  29.83   0.140   0.07 0.000000000000000
303.083333 303.125000  60.140  30.14  60.539  30.34  59.900  30.02   0.200   0.10 0.000000000000000
303.125000 303.166667  60.040  30.09  60.299  30.22  59.441  29.79   0.239   0.12 0.000000000000000
303.166667 303.208333  58.603  29.37  59.022  29.58  57.785  28.96   0.379   0.19 0.000000000000000
303.208333 303.250000  57.925  29.03  58.483  29.31  57.526  28.83   0.319   0.16 0.000000000000000
303.250000 303.291667  57.266  28.70  57.645  28.89  56.827  28.48   0.219   0.11 0.000000000000000
303.291667 303.333333  57.007  28.57  57.765  28.95  56.009  28.07   0.639   0.32 0.000000000000000
303.333333 303.375000  54.852  27.49  55.850  27.99  53.615  26.87   0.678   0.34 0.000000000000000
303.375000 303.416667  52.817  26.47  53.555  26.84  52.039  26.08   0.439   0.22 0.000000000000000
303.416667 303.458333  55.191  27.66  56.149  28.14  53.615  26.87   0.918   0.46 0.000000000000000
303.458333 303.500000  54.832  27.48  55.610  27.87  53.994  27.06   0.459   0.23 0.000000000000000
303.500000 303.541667  54.852  27.49  55.650  27.89  54.054  27.09   0.479   0.24 0.000000000000000
303.541667 303.583333  56.209  28.17  58.084  29.11  54.792  27.46   0.958   0.48 0.000000000000000
303.583333 303.625000  54.832  27.48  55.351  27.74  54.194  27.16   0.319   0.16 0.000000000000000
303.625000 303.666667  54.433  27.28  54.772  27.45  54.014  27.07   0.219   0.11 0.000000000000000
303.666667 303.708333  54.273  27.20  54.672  27.40  53.715  26.92   0.279   0.14 0.000000000000000
303.708333 303.750000  54.992  27.56  55.331  27.73  54.672  27.40   0.180   0.09 0.000000000000000
303.750000 303.791667  55.471  27.80  55.929  28.03  55.111  27.62   0.219   0.11 0.000000000000000
303.791667 303.833333  54.892  27.51  55.630  27.88  53.934  27.03   0.579   0.29 0.000000000000000
303.833333 303.875000  55.211  27.67  56.768  28.45  54.433  27.28   0.698   0.35 0.000000000000000
303.875000 303.916667  56.368  28.25  56.987  28.56  55.810  27.97   0.379   0.19 0.000000000000000
303.916667 303.958333  56.768  28.45  57.007  28.57  56.448  28.29   0.140   0.07 0.000000000000000
303.958333 304.000000  55.810  27.97  56.348  28.24  54.892  27.51   0.539   0.27 0.000000000000000
304.000000 304.041667  55.810  27.97  56.169  28.15  55.451  27.79   0.239   0.12 0.000000000000000
304.041667 304.083333  54.852  27.49  55.371  27.75  54.134  27.13   0.399   0.20 0.000000000000000
304.083333 304.125000  54.014  27.07  54.513  27.32  53.375  26.75   0.339   0.17 0.000000000000000
304.125000 304.166667  54.433  27.28  55.251  27.69  53.316  26.72   0.698   0.35 0.000000000000000
304.166667 304.208333  55.910  28.02  57.147  28.64  54.972  27.55   0.818   0.41 0.000000000000000
304.208333 304.250000  57.765  28.95  58.064  29.10  57.506  28.82   0.180   0.09 0.000000000000000
304.250000 304.291667  57.725  28.93  58.104  29.12  57.187  28.66   0.279   0.14 0.000000000000000
304.291667 304.333333  56.209  28.17  56.967  28.55  55.431  27.78   0.499   0.25 0.000000000000000
304.333333 304.375000  53.715  26.92  54.912  27.52  52.837  26.48   0.718   0.36 0.000000000000000
304.375000 304.416667  53.076  26.60  53.216  26.67  52.996  26.56   0.080   0.04 0.000000000000000
304.416667 304.458333  53.375  26.75  53.854  26.99  53.096  26.61   0.219   0.11 0.000000000000000
304.458333 304.500000  53.475  26.80  53.675  26.90  53.316  26.72   0.100   0.05 0.000000000000000
304.500000 304.541667  53.156  26.64  53.515  26.82  52.857  26.49   0.180   0.09 0.000000000000000
304.541667 304.583333  53.156  26.64  53.375  26.75  52.897  26.51   0.160   0.08 0.000000000000000
304.583333 304.625000  52.657  26.39  53.176  26.65  51.919  26.02   0.399   0.20 0.000000000000000
304.625000 304.666667  51.719  25.92  51.939  26.03  51.380  25.75   0.160   0.08 0.000000000000000
304.666667 304.708333  52.717  26.42  53.954  27.04  52.078  26.10   0.579   0.29 0.000000000000000
304.708333 304.750000  53.495  26.81  54.154  27.14  53.016  26.57   0.339   0.17 0.000000000000000
304.750000 304.791667  53.415  26.77  53.595  26.86  53.296  26.71   0.100   0.05 0.000000000000000
304.791667 304.833333  53.455  26.79  53.715  26.92  53.336  26.73   0.100   0.05 0.000000000000000
304.833333 304.875000  53.575  26.85  53.934  27.03  53.296  26.71   0.180   0.09 0.000000000000000
304.875000 304.916667  53.455  26.79  53.575  26.85  53.296  26.71   0.080   0.04 0.000000000000000
304.916667 304.958333  53.156  26.64  53.316  26.72  53.016  26.57   0.080   0.04 0.000000000000000
304.958333 305.000000  52.897  26.51  53.056  26.59  52.657  26.39   0.120   0.06 0.000000000000000
305.000000 305.041667  53.096  26.61  53.415  26.77  52.857  26.49   0.180   0.09 0.000000000000000
305.041667 305.083333  53.355  26.74  53.675  26.90  53.096  26.61   0.200   0.10 0.000000000000000
305.083333 305.125000  53.814  26.97  54.114  27.12  53.475  26.80   0.219   0.11 0.000000000000000
305.125000 305.166667  53.814  26.97  53.994  27.06  53.515  26.82   0.140   0.07 0.000000000000000
305.166667 305.208333  54.174  27.15  54.513  27.32  53.974  27.05   0.140   0.07 0.000000000000000
305.208333 305.250000  55.411  27.77  56.368  28.25  54.453  27.29   0.599   0.30 0.000000000000000
305.250000 305.291667  57.067  28.60  57.466  28.80  56.508  28.32   0.279   0.14 0.000000000000000
305.291667 305.333333  57.705  28.92  57.985  29.06  57.406  28.77   0.160   0.08 0.000000000000000
305.333333 305.375000  58.204  29.17  58.543  29.34  57.885  29.01   0.180   0.09 0.000000000000000
305.375000 305.416667  59.102  29.62  59.741  29.94  58.763  29.45   0.299   0.15 0.000000000000000
305.416667 305.458333  60.080  30.11  60.319  30.23  59.800  29.97   0.160   0.08 0.000000000000000
305.458333 305.500000  60.319  30.23  60.539  30.34  60.219  30.18   0.100   0.05 0.000000000000000
305.500000 305.541667  60.738  30.44  61.117  30.63  60.499  30.32   0.180   0.09 0.000000000000000
305.541667 305.583333  60.878  30.51  61.077  30.61  60.638  30.39   0.120   0.06 0.000000000000000
305.583333 305.625000  60.339  30.24  60.698  30.42  59.920  30.03   0.259   0.13 0.000000000000000
305.625000 305.666667  59.940  30.04  60.180  30.16  59.741  29.94   0.100   0.05 0.000000000000000
305.666667 305.708333  60.259  30.20  60.499  30.32  60.160  30.15   0.100   0.05 0.000000000000000
305.708333 305.750000  60.838  30.49  61.377  30.76  60.379  30.26   0.239   0.12 0.000000000000000
305.750000 305.791667  61.377  30.76  61.477  30.81  61.257  30.70   0.060   0.03 0.000000000000000
305.791667 305.833333  61.177  30.66  61.596  30.87  60.619  30.38   0.299   0.15 0.000000000000000
305.833333 305.875000  60.778  30.46  61.077  30.61  60.539  30.34   0.200   0.10 0.000000000000000
305.875000 305.916667  61.038  30.59  61.556  30.85  60.419  30.28   0.379   0.19 0.000000000000000
305.916667 305.958333  61.317  30.73  61.556  30.85  61.077  30.61   0.160   0.08 0.000000000000000
305.958333 306.000000  61.377  30.76  61.556  30.85  61.177  30.66   0.120   0.06 0.000000000000000
306.000000 306.041667  61.816  30.98  62.135  31.14  61.656  30.90   0.120   0.06 0.000000000000000
306.041667 306.083333  61.596  30.87  62.015  31.08  61.177  30.66   0.319   0.16 0.000000000000000
306.083333 306.125000  61.676  30.91  62.015  31.08  61.317  30.73   0.219   0.11 0.000000000000000
306.125000 306.166667  61.796  30.97  61.896  31.02  61.656  30.90   0.060   0.03 0.000000000000000
306.166667 306.208333  61.716  30.93  61.955  31.05  61.397  30.77   0.180   0.09 0.000000000000000
306.208333 306.250000  61.297  30.72  61.676  30.91  61.038  30.59   0.219   0.11 0.000000000000000
306.250000 306.291667  61.636  30.89  62.494  31.32  61.077  30.61   0.419   0.21 0.000000000000000
306.291667 306.333333  62.135  31.14  62.734  31.44  61.776  30.96   0.259   0.13 0.000000000000000
306.333333 306.375000  61.816  30.98  62.075  31.11  61.616  30.88   0.140   0.07 0.000000000000000
306.375000 306.416667  61.696  30.92  61.995  31.07  61.277  30.71   0.239   0.12 0.000000000000000
306.416667 306.458333  61.457  30.80  61.796  30.97  61.077  30.61   0.200   0.10 0.000000000000000
306.458333 306.500000  61.856  31.00  62.354  31.25  61.397  30.77   0.319   0.16 0.000000000000000
306.500000 306.541667  61.417  30.78  61.516  30.83  61.157  30.65   0.120   0.06 0.000000000000000
306.541667 306.583333  59.581  29.86  61.496  30.82  58.264  29.20   0.778   0.39 0.000000000000000
306.583333 306.625000  59.820  29.98  60.918  30.53  58.503  29.32   0.858   0.43 0.000000000000000
306.625000 306.666667  58.863  29.50  60.599  30.37  56.907  28.52   1.317   0.66 0.000000000000000
306.666667 306.708333  58.124  29.13  58.883  29.51  57.206  28.67   0.499   0.25 0.000000000000000
306.708333 306.750000  58.164  29.15  58.563  29.35  57.685  28.91   0.299   0.15 0.000000000000000
306.750000 306.791667  57.346  28.74  58.404  29.27  56.468  28.30   0.698   0.35 0.000000000000000
306.791667 306.833333  57.306  28.72  57.765  28.95  56.568  28.35   0.359   0.18 0.000000000000000
306.833333 306.875000  57.506  28.82  57.925  29.03  56.728  28.43   0.399   0.20 0.000000000000000
306.875000 306.916667  56.827  28.48  57.526  28.83  55.890  28.01   0.658   0.33 0.000000000000000
306.916667 306.958333  57.027  28.58  57.386  28.76  56.009  28.07   0.459   0.23 0.000000000000000
306.958333 307.000000  56.229  28.18  56.847  28.49  55.431  27.78   0.419   0.21 0.000000000000000
307.000000 307.041667  55.870  28.00  57.007  28.57  55.091  27.61   0.658   0.33 0.000000000000000
