ODEfiles/TIK13_15/RU0100R.20130101090000.20181112120939.uv_abs.ozone.air.1y.1h.US06L_Thermo_49_TIK.US06L_AM.lev2.nas
77 1001
Crepinsek, Sara; Petropavlovskikh, Irina
US06L, National Oceanic and Atmospheric Administration, NOAA/ESRL/GMD, "Earth System Research Laboratory, Global Monitoring Division", 325 Broadway, , CO 80305-3, Boulder, U.S.A.
Crepinsek, Sara
GAW-WDCRG NOAA-ESRL
1 1
2013 01 01 2018 11 12
0.041667
days from file reference point
10
1 1 1 1 1 1 1 1 1 1
999.999999 999.999 999.99 999.999 999.99 999.999 999.99 999.999 999.99 9.999999999999999
end_time of measurement, days from the file reference point
ozone, ug/m3, Statistics=arithmetic mean, Volume std. temperature=293.15 K, Volume std. pressure=1013.25 hPa, Detection limit=1.995 ug/m3, Measurement uncertainty=1.995 ug/m3, Measurement uncertainty expl.=includes statistical uncertainty of individual sample and calibration uncertainty, "Comment=Data converted on import into EBAS from 'nmol/mol' to 'ug/m3' at 293.15 K, 1013.25 hPa, conversion factor 1.99534."
ozone, nmol/mol, Statistics=arithmetic mean, Detection limit=1.0 nmol/mol, Measurement uncertainty=1.0 nmol/mol, Measurement uncertainty expl.=includes statistical uncertainty of individual sample and calibration uncertainty, "Comment=Data converted on import into EBAS from 'nmol/mol' to 'ug/m3' at 293.15 K, 1013.25 hPa, conversion factor 1.99534."
ozone, ug/m3, Statistics=maximum, Volume std. temperature=293.15 K, Volume std. pressure=1013.25 hPa, Detection limit=1.995 ug/m3
ozone, nmol/mol, Statistics=maximum, Detection limit=1.0 nmol/mol
ozone, ug/m3, Statistics=minimum, Volume std. temperature=293.15 K, Volume std. pressure=1013.25 hPa, Detection limit=1.995 ug/m3
ozone, nmol/mol, Statistics=minimum, Detection limit=1.0 nmol/mol
ozone, ug/m3, Statistics=stddev, Volume std. temperature=293.15 K, Volume std. pressure=1013.25 hPa, Detection limit=1.995 ug/m3
ozone, nmol/mol, Statistics=stddev, Detection limit=1.0 nmol/mol
numflag, no unit
0
53
Data definition:              EBAS_1.1
Set type code:                TU
Timezone:                     UTC
File name:                    RU0100R.20130101090000.20181112120939.uv_abs.ozone.air.1y.1h.US06L_Thermo_49_TIK.US06L_AM.lev2.nas
File creation:                20190910074508
Startdate:                    20130101090000
Revision date:                20181112120939
Version:                      1
Version description:          Version numbering not tracked, generated by CPD3 EBAS Export v16-28-gb051b35-m run as da.output.ebas (2628) run by mcclure on aero.cmdl.noaa.gov via da.output.ebas --profile=ozone tik 2013
Data level:                   2
Period code:                  1y
Resolution code:              1h
Sample duration:              1h
Station code:                 RU0100R
Platform code:                RU0100S
Station name:                 Tiksi
Station WDCA-ID:              GAWARU__TIK
Station GAW-ID:               TIK
Station GAW-Name:             Tiksi
Station land use:             Grassland
Station setting:              Coastal
Station GAW type:             R
Station WMO region:           2
Station latitude:             71.5861663818
Station longitude:            128.918823242
Station altitude:             8.0m
Measurement latitude:         71.58617
Measurement longitude:        128.91882
Measurement altitude:         8.0m
Measurement height:           10.0m
Regime:                       IMG
[...]
Instrument model:             49
Instrument serial number:     629719160
Method ref:                   US06L_AM
Standard method:              SOP=GAW_209(2013)
Inlet type:                   Hat or hood
Inlet description:            Downward Facing, teflon inlet bell
Humidity/temperature control description: Automatic
Zero/negative values code:    Zero/negative possible
Zero/negative values:         Zero and neg. values may appear due to statistical variations at very low concentrations
Originator:                   Crepinsek, Sara, sara.crepinsek@noaa.gov, National Oceanic and Atmospheric Administration/Earth System Research Laboratory/Physical Sciences Division, NOAA/ESRL/PSD, , 325 Broadway, , 80305, "Boulder, CO", USA
Originator:                   Petropavlovskikh, Irina, Irina.petro@noaa.gov, National Oceanic and Atmospheric Administration/Earth System Research Laboratory/Global Monitoring Division, NOAA/ESRL/GMD, , 325 Broadway, , 80305, "Boulder, CO", USA
Submitter:                    Crepinsek, Sara, sara.crepinsek@noaa.gov, National Oceanic and Atmospheric Administration/Earth System Research Laboratory/Physical Sciences Division, NOAA/ESRL/PSD, , 325 Broadway, , 80305, "Boulder, CO", USA
Acknowledgement:              "Request Acknowledgement details from data originator. http://dx.doi.org/10.7289/V57P8WBF"
Comment:                      Data converted on import into EBAS from 'nmol/mol' to 'ug/m3' at 293.15 K, 1013.25 hPa, conversion factor 1.99534. Detection limit converted from '1.0 nmol/mol' to '1.995 ug/m3' at 293.15 K, 1013.25 hPa, conversion factor 1.99534.
starttime endtime O3 O3 O3 O3 O3 O3 O3 O3 flag
[from data line 6721]
280.416667 280.458333  52.318  26.22  58.384  29.26  37.752  18.92   5.846   2.93 0.000000000000000
280.458333 280.500000  40.446  20.27  54.912  27.52  31.247  15.66   7.044   3.53 0.000000000000000
280.500000 280.541667 999.999 999.99  22.049  11.05  22.049  11.05   0.000   0.00 0.000000000000000
280.541667 280.583333  33.901  16.99  46.472  23.29  21.290  10.67   7.642   3.83 0.000000000000000
280.583333 280.625000  47.130  23.62  56.229  28.18  18.577   9.31  12.631   6.33 0.000000000000000
280.625000 280.666667  55.530  27.83  55.750  27.94  55.171  27.65   0.239   0.12 0.390456000000000
280.666667 280.708333 999.999 999.99 999.999 999.99 999.999 999.99 999.999 999.99 0.999000000000000
280.708333 280.750000  48.607  24.36  49.864  24.99  44.037  22.07   1.596   0.80 0.394456000000000
280.750000 280.791667  36.954  18.52  49.145  24.63  15.504   7.77  12.750   6.39 0.000000000000000
280.791667 280.833333  36.036  18.06  46.651  23.38  16.661   8.35  10.256   5.14 0.000000000000000
280.833333 280.875000  32.803  16.44  46.092  23.10  19.335   9.69   7.423   3.72 0.000000000000000
280.875000 280.916667  25.062  12.56  36.315  18.20  16.960   8.50   5.926   2.97 0.000000000000000
280.916667 280.958333  23.365  11.71  38.889  19.49  15.863   7.95   8.799   4.41 0.000000000000000
280.958333 281.000000  47.808  23.96  51.620  25.87  38.630  19.36   4.430   2.22 0.000000000000000
281.000000 281.041667  51.819  25.97  51.979  26.05  51.739  25.93   0.080   0.04 0.000000000000000
281.041667 281.083333  51.739  25.93  52.098  26.11  51.400  25.76   0.160   0.08 0.000000000000000
281.083333 281.125000  51.859  25.99  52.318  26.22  51.699  25.91   0.160   0.08 0.000000000000000
281.125000 281.166667  52.198  26.16  52.398  26.26  51.899  26.01   0.180   0.09 0.000000000000000
281.166667 281.208333  52.258  26.19  52.557  26.34  52.078  26.10   0.140   0.07 0.000000000000000
281.208333 281.250000  51.659  25.89  51.899  26.01  51.220  25.67   0.219   0.11 0.000000000000000
281.250000 281.291667  51.061  25.59  51.480  25.80  50.722  25.42   0.200   0.10 0.000000000000000
281.291667 281.333333  50.821  25.47  51.141  25.63  49.983  25.05   0.319   0.16 0.000000000000000
281.333333 281.375000  50.103  25.11  50.263  25.19  49.904  25.01   0.100   0.05 0.000000000000000
281.375000 281.416667  49.983  25.05  50.163  25.14  49.864  24.99   0.100   0.05 0.000000000000000
281.416667 281.458333  50.183  25.15  50.582  25.35  49.844  24.98   0.239   0.12 0.000000000000000
281.458333 281.500000  50.722  25.42  51.280  25.70  50.083  25.10   0.419   0.21 0.000000000000000
281.500000 281.541667  51.659  25.89  52.238  26.18  51.260  25.69   0.319   0.16 0.000000000000000
281.541667 281.583333  51.659  25.89  51.839  25.98  51.300  25.71   0.200   0.10 0.000000000000000
281.583333 281.625000  51.141  25.63  51.320  25.72  50.921  25.52   0.100   0.05 0.000000000000000
281.625000 281.666667  50.562  25.34  50.881  25.50  50.023  25.07   0.259   0.13 0.000000000000000
281.666667 281.708333  49.524  24.82  50.442  25.28  48.247  24.18   0.798   0.40 0.000000000000000
281.708333 281.750000  50.183  25.15  51.021  25.57  49.684  24.90   0.379   0.19 0.000000000000000
281.750000 281.791667  51.340  25.73  51.580  25.85  51.161  25.64   0.140   0.07 0.000000000000000
281.791667 281.833333  51.759  25.94  52.039  26.08  51.101  25.61   0.259   0.13 0.000000000000000
281.833333 281.875000  52.777  26.45  53.874  27.00  51.580  25.85   0.738   0.37 0.000000000000000
281.875000 281.916667  54.593  27.36  54.972  27.55  54.094  27.11   0.239   0.12 0.000000000000000
281.916667 281.958333  51.480  25.80  54.433  27.28  48.607  24.36   2.255   1.13 0.000000000000000
281.958333 282.000000  48.008  24.06  48.427  24.27  47.589  23.85   0.279   0.14 0.000000000000000
282.000000 282.041667  47.848  23.98  48.188  24.15  47.369  23.74   0.259   0.13 0.000000000000000
282.041667 282.083333  47.389  23.75  47.669  23.89  46.930  23.52   0.259   0.13 0.000000000000000
282.083333 282.125000  46.851  23.48  47.290  23.70  46.432  23.27   0.239   0.12 0.000000000000000
282.125000 282.166667  46.232  23.17  46.591  23.35  45.833  22.97   0.219   0.11 0.000000000000000
282.166667 282.208333  46.212  23.16  46.751  23.43  45.753  22.93   0.299   0.15 0.000000000000000
282.208333 282.250000  45.155  22.63  45.394  22.75  44.935  22.52   0.160   0.08 0.000000000000000
282.250000 282.291667  47.389  23.75  48.627  24.37  46.292  23.20   0.838   0.42 0.000000000000000
282.291667 282.333333  49.125  24.62  49.624  24.87  48.447  24.28   0.379   0.19 0.000000000000000
282.333333 282.375000  49.445  24.78  49.624  24.87  49.165  24.64   0.140   0.07 0.000000000000000
282.375000 282.416667  49.624  24.87  49.904  25.01  49.165  24.64   0.239   0.12 0.000000000000000
282.416667 282.458333  49.983  25.05  50.442  25.28  49.744  24.93   0.180   0.09 0.000000000000000
282.458333 282.500000  50.083  25.10  50.402  25.26  49.764  24.94   0.200   0.10 0.000000000000000
282.500000 282.541667  50.223  25.17  50.422  25.27  49.824  24.97   0.160   0.08 0.000000000000000
282.541667 282.583333  50.762  25.44  51.101  25.61  50.342  25.23   0.219   0.11 0.000000000000000
282.583333 282.625000  50.562  25.34  50.861  25.49  50.043  25.08   0.259   0.13 0.000000000000000
282.625000 282.666667  51.021  25.57  51.699  25.91  50.323  25.22   0.359   0.18 0.000000000000000
282.666667 282.708333  50.382  25.25  50.762  25.44  50.083  25.10   0.180   0.09 0.000000000000000
282.708333 282.750000  50.323  25.22  51.061  25.59  49.724  24.92   0.419   0.21 0.000000000000000
282.750000 282.791667  49.804  24.96  50.722  25.42  48.766  24.44   0.698   0.35 0.000000000000000
282.791667 282.833333  50.303  25.21  51.061  25.59  49.524  24.82   0.439   0.22 0.000000000000000
282.833333 282.875000  49.105  24.61  50.323  25.22  48.207  24.16   0.678   0.34 0.000000000000000
282.875000 282.916667  50.283  25.20  50.941  25.53  49.105  24.61   0.559   0.28 0.000000000000000
282.916667 282.958333  50.283  25.20  51.759  25.94  48.367  24.24   1.117   0.56 0.000000000000000
282.958333 283.000000  49.664  24.89  50.562  25.34  49.006  24.56   0.519   0.26 0.000000000000000
283.000000 283.041667  49.465  24.79  50.243  25.18  49.006  24.56   0.379   0.19 0.000000000000000
283.041667 283.083333  49.185  24.65  49.724  24.92  48.327  24.22   0.439   0.22 0.000000000000000
283.083333 283.125000  49.305  24.71  51.061  25.59  44.277  22.19   2.075   1.04 0.000000000000000
283.125000 283.166667  45.095  22.60  46.571  23.34  43.758  21.93   0.898   0.45 0.000000000000000
283.166667 283.208333  45.234  22.67  46.112  23.11  44.596  22.35   0.419   0.21 0.000000000000000
283.208333 283.250000  46.152  23.13  47.928  24.02  45.195  22.65   0.778   0.39 0.000000000000000
283.250000 283.291667  44.975  22.54  46.891  23.50  43.139  21.62   1.077   0.54 0.000000000000000
283.291667 283.333333  41.842  20.97  45.693  22.90  38.909  19.50   1.995   1.00 0.000000000000000
283.333333 283.375000  34.460  17.27  39.508  19.80  25.920  12.99   4.170   2.09 0.000000000000000
283.375000 283.416667  32.025  16.05  40.585  20.34  24.004  12.03   5.587   2.80 0.000000000000000
283.416667 283.458333  33.282  16.68  37.652  18.87  25.401  12.73   4.290   2.15 0.000000000000000
283.458333 283.500000  36.036  18.06  40.186  20.14  32.903  16.49   2.055   1.03 0.000000000000000
283.500000 283.541667  36.714  18.40  40.306  20.20  33.462  16.77   2.315   1.16 0.000000000000000
283.541667 283.583333  34.899  17.49  37.054  18.57  29.830  14.95   2.374   1.19 0.000000000000000
283.583333 283.625000  35.996  18.04  37.632  18.86  35.377  17.73   0.619   0.31 0.000000000000000
283.625000 283.666667  39.767  19.93  44.396  22.25  32.245  16.16   3.691   1.85 0.000000000000000
283.666667 283.708333  40.306  20.20  43.139  21.62  35.258  17.67   3.013   1.51 0.000000000000000
283.708333 283.750000  39.228  19.66  41.763  20.93  34.719  17.40   2.035   1.02 0.000000000000000
283.750000 283.791667  35.058  17.57  39.348  19.72  32.305  16.19   3.013   1.51 0.000000000000000
283.791667 283.833333  37.333  18.71  43.119  21.61  34.180  17.13   2.833   1.42 0.000000000000000
283.833333 283.875000  35.038  17.56  38.570  19.33  31.646  15.86   2.335   1.17 0.000000000000000
283.875000 283.916667  33.901  16.99  35.098  17.59  32.185  16.13   0.938   0.47 0.000000000000000
283.916667 283.958333  36.674  18.38  40.685  20.39  33.003  16.54   2.873   1.44 0.000000000000000
283.958333 284.000000  39.528  19.81  42.421  21.26  34.499  17.29   2.833   1.42 0.000000000000000
284.000000 284.041667  38.969  19.53  43.319  21.71  35.258  17.67   2.973   1.49 0.000000000000000
284.041667 284.083333  44.297  22.20  44.855  22.48  43.618  21.86   0.379   0.19 0.000000000000000
284.083333 284.125000  44.995  22.55  45.574  22.84  44.656  22.38   0.279   0.14 0.000000000000000
284.125000 284.166667  44.995  22.55  45.214  22.66  44.736  22.42   0.140   0.07 0.000000000000000
284.166667 284.208333  44.855  22.48  45.254  22.68  44.496  22.30   0.219   0.11 0.000000000000000
284.208333 284.250000  44.656  22.38  45.434  22.77  43.778  21.94   0.658   0.33 0.000000000000000
284.250000 284.291667  43.758  21.93  44.576  22.34  42.062  21.08   0.678   0.34 0.000000000000000
284.291667 284.333333  44.077  22.09  44.596  22.35  43.359  21.73   0.459   0.23 0.000000000000000
284.333333 284.375000  43.279  21.69  44.057  22.08  42.900  21.50   0.399   0.20 0.000000000000000
284.375000 284.416667  43.598  21.85  44.995  22.55  42.401  21.25   0.978   0.49 0.000000000000000
284.416667 284.458333  45.055  22.58  46.412  23.26  43.299  21.70   1.018   0.51 0.000000000000000
284.458333 284.500000  43.977  22.04  44.416  22.26  43.239  21.67   0.319   0.16 0.000000000000000
284.500000 284.541667  44.077  22.09  44.815  22.46  43.798  21.95   0.299   0.15 0.000000000000000
284.541667 284.583333  44.436  22.27  45.015  22.56  43.838  21.97   0.379   0.19 0.000000000000000
284.583333 284.625000  43.997  22.05  44.536  22.32  43.239  21.67   0.459   0.23 0.000000000000000
284.625000 284.666667  44.596  22.35  45.195  22.65  43.319  21.71   0.519   0.26 0.000000000000000
284.666667 284.708333  40.964  20.53  41.583  20.84  38.789  19.44   0.858   0.43 0.000000000000000
284.708333 284.750000  39.947  20.02  41.363  20.73  39.189  19.64   0.758   0.38 0.000000000000000
284.750000 284.791667  44.177  22.14  46.292  23.20  41.882  20.99   1.616   0.81 0.000000000000000
284.791667 284.833333  46.092  23.10  46.871  23.49  45.175  22.64   0.579   0.29 0.000000000000000
284.833333 284.875000  45.494  22.80  46.970  23.54  44.855  22.48   0.619   0.31 0.000000000000000
284.875000 284.916667  46.811  23.46  47.689  23.90  46.033  23.07   0.579   0.29 0.000000000000000
284.916667 284.958333  44.756  22.43  45.633  22.87  44.257  22.18   0.379   0.19 0.000000000000000
284.958333 285.000000  48.247  24.18  49.205  24.66  46.511  23.31   0.878   0.44 0.000000000000000
285.000000 285.041667  47.210  23.66  49.225  24.67  45.933  23.02   1.137   0.57 0.000000000000000
285.041667 285.083333  45.713  22.91  46.152  23.13  45.135  22.62   0.299   0.15 0.000000000000000
285.083333 285.125000  45.933  23.02  47.170  23.64  45.374  22.74   0.539   0.27 0.000000000000000
285.125000 285.166667  48.227  24.17  49.205  24.66  47.130  23.62   0.639   0.32 0.000000000000000
285.166667 285.208333  49.524  24.82  49.844  24.98  49.305  24.71   0.160   0.08 0.000000000000000
285.208333 285.250000  50.263  25.19  50.961  25.54  49.744  24.93   0.419   0.21 0.000000000000000
285.250000 285.291667  51.799  25.96  52.278  26.20  51.400  25.76   0.299   0.15 0.000000000000000
285.291667 285.333333  52.258  26.19  52.597  26.36  51.859  25.99   0.259   0.13 0.000000000000000
285.333333 285.375000  53.136  26.63  54.213  27.17  52.418  26.27   0.678   0.34 0.000000000000000
285.375000 285.416667  55.032  27.58  55.411  27.77  54.652  27.39   0.219   0.11 0.000000000000000
285.416667 285.458333  55.550  27.84  56.069  28.10  55.211  27.67   0.299   0.15 0.000000000000000
285.458333 285.500000  56.528  28.33  57.526  28.83  55.670  27.90   0.579   0.29 0.000000000000000
285.500000 285.541667  57.346  28.74  57.446  28.79  57.206  28.67   0.080   0.04 0.000000000000000
285.541667 285.583333  57.865  29.00  58.124  29.13  57.466  28.80   0.219   0.11 0.000000000000000
285.583333 285.625000  58.164  29.15  58.304  29.22  57.965  29.05   0.100   0.05 0.000000000000000
285.625000 285.666667  58.583  29.36  58.922  29.53  58.084  29.11   0.259   0.13 0.000000000000000
285.666667 285.708333  58.503  29.32  58.883  29.51  58.304  29.22   0.180   0.09 0.000000000000000
285.708333 285.750000  58.883  29.51  59.082  29.61  58.683  29.41   0.120   0.06 0.000000000000000
285.750000 285.791667  60.000  30.07  61.077  30.61  58.783  29.46   0.798   0.40 0.000000000000000
285.791667 285.833333  60.339  30.24  60.858  30.50  59.262  29.70   0.539   0.27 0.000000000000000
285.833333 285.875000  60.080  30.11  60.459  30.30  59.621  29.88   0.219   0.11 0.000000000000000
285.875000 285.916667  61.077  30.61  61.516  30.83  60.539  30.34   0.339   0.17 0.000000000000000
285.916667 285.958333  61.716  30.93  62.374  31.26  60.219  30.18   0.619   0.31 0.000000000000000
285.958333 286.000000  60.160  30.15  60.499  30.32  59.800  29.97   0.219   0.11 0.000000000000000
286.000000 286.041667  60.738  30.44  61.297  30.72  60.239  30.19   0.379   0.19 0.000000000000000
286.041667 286.083333  59.661  29.90  60.519  30.33  58.583  29.36   0.678   0.34 0.000000000000000
286.083333 286.125000  57.725  28.93  58.464  29.30  55.870  28.00   0.778   0.39 0.000000000000000
286.125000 286.166667  54.752  27.44  55.012  27.57  54.333  27.23   0.219   0.11 0.000000000000000
286.166667 286.208333  54.992  27.56  55.311  27.72  54.652  27.39   0.200   0.10 0.000000000000000
286.208333 286.250000  55.351  27.74  55.650  27.89  55.052  27.59   0.140   0.07 0.000000000000000
286.250000 286.291667  55.530  27.83  55.830  27.98  55.191  27.66   0.180   0.09 0.000000000000000
286.291667 286.333333  55.690  27.91  56.009  28.07  55.271  27.70   0.219   0.11 0.000000000000000
286.333333 286.375000  54.453  27.29  55.032  27.58  53.894  27.01   0.399   0.20 0.000000000000000
286.375000 286.416667  53.455  26.79  54.593  27.36  52.657  26.39   0.599   0.30 0.000000000000000
286.416667 286.458333  52.697  26.41  55.750  27.94  50.283  25.20   2.015   1.01 0.000000000000000
286.458333 286.500000  50.921  25.52  51.879  26.00  50.402  25.26   0.439   0.22 0.000000000000000
286.500000 286.541667  50.662  25.39  51.041  25.58  50.043  25.08   0.339   0.17 0.000000000000000
286.541667 286.583333  55.850  27.99  57.226  28.68  52.218  26.17   1.337   0.67 0.000000000000000
286.583333 286.625000  55.012  27.57  55.830  27.98  53.974  27.05   0.619   0.31 0.000000000000000
286.625000 286.666667  53.116  26.62  53.914  27.02  52.178  26.15   0.539   0.27 0.000000000000000
286.666667 286.708333  51.500  25.81  52.039  26.08  50.921  25.52   0.359   0.18 0.000000000000000
286.708333 286.750000  51.081  25.60  51.300  25.71  50.941  25.53   0.100   0.05 0.000000000000000
286.750000 286.791667  51.141  25.63  51.500  25.81  50.821  25.47   0.219   0.11 0.000000000000000
286.791667 286.833333  51.280  25.70  51.340  25.73  51.081  25.60   0.080   0.04 0.000000000000000
286.833333 286.875000  51.420  25.77  51.739  25.93  51.121  25.62   0.180   0.09 0.000000000000000
286.875000 286.916667  50.841  25.48  51.081  25.60  50.522  25.32   0.160   0.08 0.000000000000000
286.916667 286.958333  50.382  25.25  50.801  25.46  49.904  25.01   0.319   0.16 0.000000000000000
286.958333 287.000000  50.263  25.19  50.542  25.33  49.904  25.01   0.200   0.10 0.000000000000000
287.000000 287.041667  49.923  25.02  50.342  25.23  49.784  24.95   0.160   0.08 0.000000000000000
