ODEfiles/TIK13_15/RU0100R.20140101000000.20181112120939.uv_abs.ozone.air.1y.1h.US06L_Thermo_49_TIK.US06L_AM.lev2.nas
77 1001
Crepinsek, Sara; Petropavlovskikh, Irina
US06L, National Oceanic and Atmospheric Administration, NOAA/ESRL/GMD, "Earth System Research Laboratory, Global Monitoring Division", 325 Broadway, , CO 80305-3, Boulder, U.S.A.
Crepinsek, Sara
GAW-WDCRG NOAA-ESRL
1 1
2014 01 01 2018 11 12
0.041667
days from file reference point
10
1 1 1 1 1 1 1 1 1 1
999.999999 9999.999 999.99 9999.999 999.99 9999.999 999.99 999.999 999.99 9.999999999999999
end_time of measurement, days from the file reference point
ozone, ug/m3, Statistics=arithmetic mean, Volume std. temperature=293.15 K, Volume std. pressure=1013.25 hPa, Detection limit=1.995 ug/m3, Measurement uncertainty=1.995 ug/m3, Measurement uncertainty expl.=includes statistical uncertainty of individual sample and calibration uncertainty, "Comment=Data converted on import into EBAS from 'nmol/mol' to 'ug/m3' at 293.15 K, 1013.25 hPa, conversion factor 1.99534."
ozone, nmol/mol, Statistics=arithmetic mean, Detection limit=1.0 nmol/mol, Measurement uncertainty=1.0 nmol/mol, Measurement uncertainty expl.=includes statistical uncertainty of individual sample and calibration uncertainty, "Comment=Data converted on import into EBAS from 'nmol/mol' to 'ug/m3' at 293.15 K, 1013.25 hPa, conversion factor 1.99534."
ozone, ug/m3, Statistics=maximum, Volume std. temperature=293.15 K, Volume std. pressure=1013.25 hPa, Detection limit=1.995 ug/m3
ozone, nmol/mol, Statistics=maximum, Detection limit=1.0 nmol/mol
ozone, ug/m3, Statistics=minimum, Volume std. temperature=293.15 K, Volume std. pressure=1013.25 hPa, Detection limit=1.995 ug/m3
ozone, nmol/mol, Statistics=minimum, Detection limit=1.0 nmol/mol
ozone, ug/m3, Statistics=stddev, Volume std. temperature=293.15 K, Volume std. pressure=1013.25 hPa, Detection limit=1.995 ug/m3
ozone, nmol/mol, Statistics=stddev, Detection limit=1.0 nmol/mol
numflag, no unit
0
53
Data definition:              EBAS_1.1
Set type code:                TU
Timezone:                     UTC
File name:                    RU0100R.20140101000000.20181112120939.uv_abs.ozone.air.1y.1h.US06L_Thermo_49_TIK.US06L_AM.lev2.nas
File creation:                20190910074509
Startdate:                    20140101000000
Revision date:                20181112120939
Version:                      1
Version description:          Version numbering not tracked, generated by CPD3 EBAS Export v16-28-gb051b35-m run as da.output.ebas (2551) run by mcclure on aero.cmdl.noaa.gov via da.output.ebas --profile=ozone tik 2014
Data level:                   2
Period code:                  1y
Resolution code:              1h
Sample duration:              1h
Station code:                 RU0100R
Platform code:                RU0100S
Station name:                 Tiksi
Station WDCA-ID:              GAWARU__TIK
Station GAW-ID:               TIK
Station GAW-Name:             Tiksi
Station land use:             Grassland
Station setting:              Coastal
Station GAW type:             R
Station WMO region:           2
Station latitude:             71.5861663818
Station longitude:            128.918823242
Station altitude:             8.0m
Measurement latitude:         71.58617
Measurement longitude:        128.91882
Measurement altitude:         8.0m
Measurement height:           10.0m
Regime:                       IMG
[...]
Instrument model:             49
Instrument serial number:     629719160
Method ref:                   US06L_AM
Standard method:              SOP=GAW_209(2013)
Inlet type:                   Hat or hood
Inlet description:            Downward Facing, teflon inlet bell
Humidity/temperature control description: Automatic
Zero/negative values code:    Zero/negative possible
Zero/negative values:         Zero and neg. values may appear due to statistical variations at very low concentrations
Originator:                   Crepinsek, Sara, sara.crepinsek@noaa.gov, National Oceanic and Atmospheric Administration/Earth System Research Laboratory/Physical Sciences Division, NOAA/ESRL/PSD, , 325 Broadway, , 80305, "Boulder, CO", USA
Originator:                   Petropavlovskikh, Irina, Irina.petro@noaa.gov, National Oceanic and Atmospheric Administration/Earth System Research Laboratory/Global Monitoring Division, NOAA/ESRL/GMD, , 325 Broadway, , 80305, "Boulder, CO", USA
Submitter:                    Crepinsek, Sara, sara.crepinsek@noaa.gov, National Oceanic and Atmospheric Administration/Earth System Research Laboratory/Physical Sciences Division, NOAA/ESRL/PSD, , 325 Broadway, , 80305, "Boulder, CO", USA
Acknowledgement:              "Request Acknowledgement details from data originator. http://dx.doi.org/10.7289/V57P8WBF"
Comment:                      Data converted on import into EBAS from 'nmol/mol' to 'ug/m3' at 293.15 K, 1013.25 hPa, conversion factor 1.99534. Detection limit converted from '1.0 nmol/mol' to '1.995 ug/m3' at 293.15 K, 1013.25 hPa, conversion factor 1.99534.
starttime endtime O3 O3 O3 O3 O3 O3 O3 O3 flag
[from data line 4039]
168.291667 168.333333   44.436  22.27   44.676  22.39   44.217  22.16   0.140   0.07 0.000000000000000
168.333333 168.375000   44.097  22.10   44.556  22.33   43.758  21.93   0.180   0.09 0.000000000000000
168.375000 168.416667   45.534  22.82   46.033  23.07   45.055  22.58   0.279   0.14 0.000000000000000
168.416667 168.458333   46.472  23.29   47.250  23.68   45.793  22.95   0.539   0.27 0.000000000000000
168.458333 168.500000   48.467  24.29   50.303  25.21   46.651  23.38   1.038   0.52 0.000000000000000
168.500000 168.541667   50.223  25.17   51.959  26.04   48.188  24.15   1.137   0.57 0.000000000000000
168.541667 168.583333   49.285  24.70   51.480  25.80   47.749  23.93   1.217   0.61 0.000000000000000
168.583333 168.625000   47.150  23.63   48.507  24.31   45.614  22.86   0.938   0.47 0.000000000000000
168.625000 168.666667   46.472  23.29   47.449  23.78   45.015  22.56   0.778   0.39 0.000000000000000
168.666667 168.708333   44.815  22.46   45.574  22.84   43.239  21.67   0.678   0.34 0.000000000000000
168.708333 168.750000   43.498  21.80   44.696  22.40   42.082  21.09   0.798   0.40 0.000000000000000
168.750000 168.791667   41.284  20.69   42.960  21.53   39.967  20.03   0.818   0.41 0.000000000000000
168.791667 168.833333   41.264  20.68   42.062  21.08   40.924  20.51   0.339   0.17 0.000000000000000
168.833333 168.875000   39.907  20.00   40.785  20.44   39.228  19.66   0.559   0.28 0.000000000000000
168.875000 168.916667   39.348  19.72   39.887  19.99   38.829  19.46   0.299   0.15 0.000000000000000
168.916667 168.958333   38.750  19.42   39.628  19.86   37.772  18.93   0.639   0.32 0.000000000000000
168.958333 169.000000   37.313  18.70   37.991  19.04   36.415  18.25   0.579   0.29 0.000000000000000
169.000000 169.041667   37.951  19.02   38.410  19.25   37.253  18.67   0.299   0.15 0.000000000000000
169.041667 169.083333   38.151  19.12   38.690  19.39   37.612  18.85   0.299   0.15 0.000000000000000
169.083333 169.125000   37.812  18.95   38.809  19.45   36.395  18.24   0.639   0.32 0.000000000000000
169.125000 169.166667   37.413  18.75   38.690  19.39   35.896  17.99   0.798   0.40 0.000000000000000
169.166667 169.208333   36.335  18.21   38.490  19.29   34.539  17.31   1.197   0.60 0.000000000000000
169.208333 169.250000   36.535  18.31   38.311  19.20   34.699  17.39   1.117   0.56 0.000000000000000
169.250000 169.291667   39.109  19.60   40.386  20.24   37.991  19.04   0.698   0.35 0.000000000000000
169.291667 169.333333   38.730  19.41   39.548  19.82   37.692  18.89   0.579   0.29 0.000000000000000
169.333333 169.375000   39.667  19.88   41.922  21.01   38.151  19.12   1.077   0.54 0.000000000000000
169.375000 169.416667   42.421  21.26   43.319  21.71   41.024  20.56   0.758   0.38 0.000000000000000
169.416667 169.458333   39.488  19.79   41.463  20.78   27.376  13.72   3.911   1.96 0.000000000000000
169.458333 169.500000   39.448  19.77   40.924  20.51   39.448  19.77   0.359   0.18 0.000000000000000
169.500000 169.541667   38.809  19.45   39.667  19.88   36.914  18.50   0.978   0.49 0.000000000000000
169.541667 169.583333   35.258  17.67   35.936  18.01   34.499  17.29   0.419   0.21 0.000000000000000
169.583333 169.625000   28.334  14.20   35.497  17.79   16.601   8.32   5.826   2.92 0.000000000000000
169.625000 169.666667    9.338   4.68   18.537   9.29    3.452   1.73   4.849   2.43 0.000000000000000
169.666667 169.708333   21.310  10.68   29.052  14.56   15.045   7.54   4.210   2.11 0.000000000000000
169.708333 169.750000   24.223  12.14   33.981  17.03    6.924   3.47   7.403   3.71 0.000000000000000
169.750000 169.791667   19.235   9.64   32.624  16.35    7.702   3.86   8.420   4.22 0.000000000000000
169.791667 169.833333   31.207  15.64   37.792  18.94   24.882  12.47   4.250   2.13 0.000000000000000
169.833333 169.875000   38.111  19.10   41.024  20.56   33.881  16.98   2.255   1.13 0.000000000000000
169.875000 169.916667   42.002  21.05   43.838  21.97   40.166  20.13   1.018   0.51 0.000000000000000
169.916667 169.958333   42.800  21.45   43.598  21.85   41.423  20.76   0.818   0.41 0.000000000000000
169.958333 170.000000   42.980  21.54   43.379  21.74   42.541  21.32   0.299   0.15 0.000000000000000
170.000000 170.041667   42.062  21.08   42.920  21.51   41.064  20.58   0.519   0.26 0.000000000000000
170.041667 170.083333   42.361  21.23   43.159  21.63   41.942  21.02   0.339   0.17 0.000000000000000
170.083333 170.125000   42.481  21.29   42.800  21.45   41.942  21.02   0.279   0.14 0.000000000000000
170.125000 170.166667   43.359  21.73   43.658  21.88   42.880  21.49   0.219   0.11 0.000000000000000
170.166667 170.208333   41.663  20.88   43.299  21.70   33.921  17.00   2.614   1.31 0.000000000000000
170.208333 170.250000   42.640  21.37   42.920  21.51   42.361  21.23   0.160   0.08 0.000000000000000
170.250000 170.291667   41.962  21.03   42.541  21.32   41.383  20.74   0.319   0.16 0.000000000000000
170.291667 170.333333   41.284  20.69   41.543  20.82   41.084  20.59   0.140   0.07 0.000000000000000
170.333333 170.375000   41.723  20.91   42.421  21.26   41.144  20.62   0.419   0.21 0.000000000000000
170.375000 170.416667   42.621  21.36   43.099  21.60   42.261  21.18   0.239   0.12 0.000000000000000
170.416667 170.458333   43.119  21.61   43.738  21.92   42.481  21.29   0.439   0.22 0.000000000000000
170.458333 170.500000   43.618  21.86   43.957  22.03   42.980  21.54   0.279   0.14 0.000000000000000
170.500000 170.541667   44.736  22.42   47.170  23.64   43.199  21.65   1.337   0.67 0.000000000000000
170.541667 170.583333   48.048  24.08   48.567  24.34   47.429  23.77   0.339   0.17 0.000000000000000
170.583333 170.625000   48.627  24.37   49.345  24.73   48.088  24.10   0.359   0.18 0.000000000000000
170.625000 170.666667   47.150  23.63   48.547  24.33   44.576  22.34   1.058   0.53 0.000000000000000
170.666667 170.708333   47.808  23.96   49.085  24.60   46.631  23.37   0.938   0.47 0.000000000000000
170.708333 170.750000   45.773  22.94   47.749  23.93   43.439  21.77   1.417   0.71 0.000000000000000
170.750000 170.791667   42.122  21.11   43.997  22.05   39.129  19.61   1.696   0.85 0.000000000000000
170.791667 170.833333   37.313  18.70   38.410  19.25   35.936  18.01   0.978   0.49 0.000000000000000
170.833333 170.875000   35.138  17.61   35.896  17.99   32.903  16.49   0.938   0.47 0.000000000000000
170.875000 170.916667   31.187  15.63   32.205  16.14   30.150  15.11   0.698   0.35 0.000000000000000
170.916667 170.958333   30.609  15.34   31.726  15.90   29.870  14.97   0.639   0.32 0.000000000000000
170.958333 171.000000   32.404  16.24   32.783  16.43   31.786  15.93   0.299   0.15 0.000000000000000
171.000000 171.041667   33.103  16.59   33.901  16.99   32.265  16.17   0.499   0.25 0.000000000000000
171.041667 171.083333   34.180  17.13   35.018  17.55   33.641  16.86   0.399   0.20 0.000000000000000
171.083333 171.125000   34.958  17.52   35.338  17.71   34.300  17.19   0.319   0.16 0.000000000000000
171.125000 171.166667   34.200  17.14   34.739  17.41   33.701  16.89   0.399   0.20 0.000000000000000
171.166667 171.208333   34.519  17.30   35.118  17.60   33.841  16.96   0.459   0.23 0.000000000000000
171.208333 171.250000   33.761  16.92   35.477  17.78   32.105  16.09   1.277   0.64 0.000000000000000
171.250000 171.291667   37.592  18.84   38.530  19.31   36.275  18.18   0.619   0.31 0.000000000000000
171.291667 171.333333   38.311  19.20   38.969  19.53   37.473  18.78   0.419   0.21 0.000000000000000
171.333333 171.375000   34.300  17.19   37.073  18.58   31.866  15.97   1.596   0.80 0.000000000000000
171.375000 171.416667   19.594   9.82   30.688  15.38   13.628   6.83   4.789   2.40 0.000000000000000
171.416667 171.458333   26.977  13.52   31.207  15.64   22.468  11.26   3.113   1.56 0.000000000000000
171.458333 171.500000   30.668  15.37   34.200  17.14   26.797  13.43   2.534   1.27 0.000000000000000
171.500000 171.541667   35.338  17.71   37.772  18.93   33.362  16.72   1.397   0.70 0.000000000000000
171.541667 171.583333   34.440  17.26   35.417  17.75   33.641  16.86   0.559   0.28 0.000000000000000
171.583333 171.625000   34.719  17.40   36.495  18.29   33.781  16.93   0.838   0.42 0.000000000000000
171.625000 171.666667   41.344  20.72   50.243  25.18   35.178  17.63   5.248   2.63 0.000000000000000
171.666667 171.708333   50.682  25.40   51.819  25.97   48.786  24.45   0.858   0.43 0.000000000000000
171.708333 171.750000   45.474  22.79   48.108  24.11   41.822  20.96   2.135   1.07 0.000000000000000
171.750000 171.791667   38.730  19.41   40.186  20.14   36.854  18.47   0.998   0.50 0.000000000000000
171.791667 171.833333   38.390  19.24   41.164  20.63   36.814  18.45   1.217   0.61 0.000000000000000
171.833333 171.875000   40.805  20.45   41.882  20.99   40.047  20.07   0.579   0.29 0.000000000000000
171.875000 171.916667   41.583  20.84   43.379  21.74   40.206  20.15   0.838   0.42 0.000000000000000
171.916667 171.958333   39.707  19.90   43.219  21.66   37.792  18.94   1.616   0.81 0.000000000000000
171.958333 172.000000   40.924  20.51   42.162  21.13   40.186  20.14   0.559   0.28 0.000000000000000
172.000000 172.041667   42.142  21.12   44.596  22.35   39.189  19.64   1.636   0.82 0.000000000000000
172.041667 172.083333   38.450  19.27   39.268  19.68   37.912  19.00   0.339   0.17 0.000000000000000
172.083333 172.125000   38.271  19.18   40.306  20.20   37.572  18.83   0.818   0.41 0.000000000000000
172.125000 172.166667   45.195  22.65   49.445  24.78   37.852  18.97   4.230   2.12 0.000000000000000
172.166667 172.208333   49.245  24.68   50.342  25.23   47.769  23.94   0.858   0.43 0.000000000000000
172.208333 172.250000   50.402  25.26   51.460  25.79   48.567  24.34   0.818   0.41 0.000000000000000
172.250000 172.291667   50.323  25.22   53.076  26.60   47.409  23.76   2.394   1.20 0.000000000000000
172.291667 172.333333   51.799  25.96   52.497  26.31   51.121  25.62   0.519   0.26 0.000000000000000
172.333333 172.375000   49.983  25.05   51.480  25.80   48.168  24.14   0.958   0.48 0.000000000000000
172.375000 172.416667   47.030  23.57   51.061  25.59   43.059  21.58   2.993   1.50 0.000000000000000
172.416667 172.458333   41.942  21.02   45.973  23.04   37.453  18.77   3.392   1.70 0.000000000000000
172.458333 172.500000   27.935  14.00   33.981  17.03   21.570  10.81   3.671   1.84 0.000000000000000
172.500000 172.541667   32.883  16.48   37.632  18.86   29.711  14.89   2.674   1.34 0.000000000000000
172.541667 172.583333   29.651  14.86   33.681  16.88   23.824  11.94   2.933   1.47 0.000000000000000
172.583333 172.625000   33.841  16.96   37.931  19.01   29.132  14.60   3.232   1.62 0.000000000000000
172.625000 172.666667   34.480  17.28   37.971  19.03   32.823  16.45   1.317   0.66 0.000000000000000
172.666667 172.708333   34.220  17.15   36.196  18.14   31.566  15.82   1.357   0.68 0.000000000000000
172.708333 172.750000   34.220  17.15   35.338  17.71   33.282  16.68   0.678   0.34 0.000000000000000
172.750000 172.791667   38.390  19.24   42.022  21.06   36.634  18.36   1.477   0.74 0.000000000000000
172.791667 172.833333   41.304  20.70   42.601  21.35   39.927  20.01   0.798   0.40 0.000000000000000
172.833333 172.875000   43.000  21.55   44.396  22.25   41.064  20.58   0.958   0.48 0.000000000000000
172.875000 172.916667   41.344  20.72   42.680  21.39   40.486  20.29   0.818   0.41 0.000000000000000
172.916667 172.958333   46.072  23.09   49.285  24.70   43.259  21.68   2.055   1.03 0.000000000000000
172.958333 173.000000   52.956  26.54   59.641  29.89   48.806  24.46   3.472   1.74 0.000000000000000
173.000000 173.041667   48.507  24.31   49.644  24.88   45.953  23.03   1.197   0.60 0.000000000000000
173.041667 173.083333   49.504  24.81   50.801  25.46   47.469  23.79   1.077   0.54 0.000000000000000
173.083333 173.125000   49.904  25.01   50.602  25.36   49.046  24.58   0.439   0.22 0.000000000000000
173.125000 173.166667   47.529  23.82   48.706  24.41   46.412  23.26   0.559   0.28 0.000000000000000
173.166667 173.208333   45.733  22.92   47.669  23.89   43.718  21.91   1.237   0.62 0.000000000000000
173.208333 173.250000   47.888  24.00   49.504  24.81   45.095  22.60   1.457   0.73 0.000000000000000
173.250000 173.291667   47.868  23.99   49.644  24.88   47.210  23.66   0.619   0.31 0.000000000000000
173.291667 173.333333   47.270  23.69   48.247  24.18   44.895  22.50   1.018   0.51 0.000000000000000
173.333333 173.375000   43.538  21.82   47.529  23.82   39.727  19.91   2.035   1.02 0.000000000000000
173.375000 173.416667   43.997  22.05   45.015  22.56   42.281  21.19   0.918   0.46 0.000000000000000
173.416667 173.458333   40.645  20.37   45.214  22.66   27.795  13.93   5.906   2.96 0.000000000000000
173.458333 173.500000   28.214  14.14   31.347  15.71   25.580  12.82   1.896   0.95 0.000000000000000
173.500000 173.541667   27.735  13.90   31.826  15.95   25.500  12.78   1.995   1.00 0.000000000000000
173.541667 173.583333   28.992  14.53   32.245  16.16   24.044  12.05   2.793   1.40 0.000000000000000
173.583333 173.625000   22.029  11.04   22.468  11.26   21.210  10.63   0.399   0.20 0.000000000000000
173.625000 173.666667   21.370  10.71   23.186  11.62   20.193  10.12   0.898   0.45 0.000000000000000
173.666667 173.708333   25.580  12.82   27.236  13.65   24.403  12.23   0.878   0.44 0.000000000000000
173.708333 173.750000   25.361  12.71   26.179  13.12   24.722  12.39   0.419   0.21 0.000000000000000
173.750000 173.791667   25.840  12.95   26.339  13.20   25.461  12.76   0.279   0.14 0.000000000000000
173.791667 173.833333   26.538  13.30   26.877  13.47   26.299  13.18   0.160   0.08 0.000000000000000
173.833333 173.875000   27.675  13.87   28.234  14.15   27.097  13.58   0.379   0.19 0.000000000000000
173.875000 173.916667   29.252  14.66   30.010  15.04   28.853  14.46   0.419   0.21 0.000000000000000
173.916667 173.958333   29.611  14.84   30.908  15.49   28.214  14.14   0.818   0.41 0.000000000000000
173.958333 174.000000   29.571  14.82   30.110  15.09   28.853  14.46   0.379   0.19 0.000000000000000
174.000000 174.041667   29.950  15.01   30.429  15.25   29.272  14.67   0.319   0.16 0.000000000000000
174.041667 174.083333   30.429  15.25   30.668  15.37   29.910  14.99   0.219   0.11 0.000000000000000
174.083333 174.125000   31.766  15.92   32.664  16.37   30.589  15.33   0.559   0.28 0.000000000000000
174.125000 174.166667   31.566  15.82   32.983  16.53   29.850  14.96   1.217   0.61 0.000000000000000
174.166667 174.208333   33.641  16.86   34.559  17.32   33.003  16.54   0.499   0.25 0.000000000000000
174.208333 174.250000   34.779  17.43   34.978  17.53   34.539  17.31   0.120   0.06 0.000000000000000
174.250000 174.291667   32.764  16.42   34.918  17.50   25.181  12.62   3.412   1.71 0.000000000000000
174.291667 174.333333   33.362  16.72   33.681  16.88   32.823  16.45   0.279   0.14 0.000000000000000
174.333333 174.375000   32.684  16.38   34.080  17.08   30.748  15.41   1.197   0.60 0.000000000000000
174.375000 174.416667   27.715  13.89   29.830  14.95   25.361  12.71   1.317   0.66 0.000000000000000
174.416667 174.458333   29.631  14.85   31.127  15.60   28.793  14.43   0.818   0.41 0.000000000000000
174.458333 174.500000   32.125  16.10   33.262  16.67   30.928  15.50   0.718   0.36 0.000000000000000
174.500000 174.541667   34.918  17.50   36.994  18.54   33.542  16.81   1.018   0.51 0.000000000000000
174.541667 174.583333   38.530  19.31   39.987  20.04   37.133  18.61   0.698   0.35 0.000000000000000
174.583333 174.625000   40.047  20.07   40.246  20.17   39.727  19.91   0.160   0.08 0.000000000000000
174.625000 174.666667   40.825  20.46   42.321  21.21   39.388  19.74   0.958   0.48 0.000000000000000
174.666667 174.708333   44.077  22.09   44.975  22.54   43.439  21.77   0.519   0.26 0.000000000000000
174.708333 174.750000   45.693  22.90   46.970  23.54   44.656  22.38   0.619   0.31 0.000000000000000
