ODEfiles/EUK18/CA0103R.20180101110000.20190305202329.uv_abs.ozone.air.1y.1h.US06L_Thermo_49i_EUK.US06L_AM.lev2.nas
79 1001
Crepinsek, Sara; Petropavlovskikh, Irina; McClure-Begley, Audra
US06L, National Oceanic and Atmospheric Administration, NOAA/ESRL/GMD, "Earth System Research Laboratory, Global Monitoring Division", 325 Broadway, , CO 80305-3, Boulder, U.S.A.
Crepinsek, Sara; Petropavlovskikh, Irina; McClure-Begley, Audra
GAW-WDCRG NOAA-ESRL
1 1
2018 01 01 2019 03 05
0.041667
days from file reference point
10
1 1 1 1 1 1 1 1 1 1
999.999999 999.999 999.99 999.999 999.99 999.999 999.99 999.999 999.99 9.999
end_time of measurement, days from the file reference point
ozone, ug/m3, Statistics=arithmetic mean, Volume std. temperature=293.15 K, Volume std. pressure=1013.25 hPa, Detection limit=1.995 ug/m3, Measurement uncertainty=1.995 ug/m3, Measurement uncertainty expl.=includes statistical uncertainty of individual sample and calibration uncertainty, "Comment=Data converted on import into EBAS from 'nmol/mol' to 'ug/m3' at 293.15 K, 1013.25 hPa, conversion factor 1.99534."
ozone, nmol/mol, Statistics=arithmetic mean, Detection limit=1.0 nmol/mol, Measurement uncertainty=1.0 nmol/mol, Measurement uncertainty expl.=includes statistical uncertainty of individual sample and calibration uncertainty, "Comment=Data converted on import into EBAS from 'nmol/mol' to 'ug/m3' at 293.15 K, 1013.25 hPa, conversion factor 1.99534."
ozone, ug/m3, Statistics=maximum, Volume std. temperature=293.15 K, Volume std. pressure=1013.25 hPa, Detection limit=1.995 ug/m3
ozone, nmol/mol, Statistics=maximum, Detection limit=1.0 nmol/mol
ozone, ug/m3, Statistics=minimum, Volume std. temperature=293.15 K, Volume std. pressure=1013.25 hPa, Detection limit=1.995 ug/m3
ozone, nmol/mol, Statistics=minimum, Detection limit=1.0 nmol/mol
ozone, ug/m3, Statistics=stddev, Volume std. temperature=293.15 K, Volume std. pressure=1013.25 hPa, Detection limit=1.995 ug/m3
ozone, nmol/mol, Statistics=stddev, Detection limit=1.0 nmol/mol
numflag, no unit
0
55
Data definition:              EBAS_1.1
Set type code:                TU
Timezone:                     UTC
File name:                    CA0103R.20180101110000.20190305202329.uv_abs.ozone.air.1y.1h.US06L_Thermo_49i_EUK.US06L_AM.lev2.nas
File creation:                20190910091405
Startdate:                    20180101110000
Revision date:                20190305202329
Version:                      1
Version description:          Version numbering not tracked, generated by CPD3 EBAS Export v21-53-g160e197 run as da.output.ebas (28101) run by mcclure on aero.cmdl.noaa.gov via da.output.ebas --profile=ozone euk 2018-01-01 2019-01-01
Data level:                   2
Period code:                  1y
Resolution code:              1h
Sample duration:              1h
Station code:                 CA0103R
Platform code:                CA0103S
Station name:                 Eureka
Station GAW-ID:               EUK
Station GAW-Name:             Eureka
Station state/province:       NU
Station land use:             Gravel and stone
Station setting:              Polar
Station GAW type:             R
Station WMO region:           4
Station latitude:             80.0500030518
Station longitude:            -86.4166564941
Station altitude:             610.0m
Measurement latitude:         80.05
Measurement longitude:        -86.41666
Measurement altitude:         610.0m
[...]
Originator:                   Petropavlovskikh, Irina, Irina.petro@noaa.gov, National Oceanic and Atmospheric Administration/Earth System Research Laboratory/Global Monitoring Division, NOAA/ESRL/GMD, , 325 Broadway, , 80305, "Boulder, CO", USA
Originator:                   McClure-Begley, Audra, Audra.mcclure@noaa.gov, National Oceanic and Atmospheric Administration/Earth System Research Laboratory/Global Monitoring Division, NOAA/ESRL/GMD, , 325 Broadway, , 80305, "Boulder, CO", USA
Submitter:                    Crepinsek, Sara, sara.crepinsek@noaa.gov, National Oceanic and Atmospheric Administration/Earth System Research Laboratory/Physical Sciences Division, NOAA/ESRL/PSD, , 325 Broadway, , 80305, "Boulder, CO", USA
Submitter:                    Petropavlovskikh, Irina, Irina.petro@noaa.gov, National Oceanic and Atmospheric Administration/Earth System Research Laboratory/Global Monitoring Division, NOAA/ESRL/GMD, , 325 Broadway, , 80305, "Boulder, CO", USA
Submitter:                    McClure-Begley, Audra, Audra.mcclure@noaa.gov, National Oceanic and Atmospheric Administration/Earth System Research Laboratory/Global Monitoring Division, NOAA/ESRL/GMD, , 325 Broadway, , 80305, "Boulder, CO", USA
Acknowledgement:              "Request Acknowledgement details from data originator. http://dx.doi.org/10.7289/V57P8WBF"
Comment:                      Data converted on import into EBAS from 'nmol/mol' to 'ug/m3' at 293.15 K, 1013.25 hPa, conversion factor 1.99534. Detection limit converted from '1.0 nmol/mol' to '1.995 ug/m3' at 293.15 K, 1013.25 hPa, conversion factor 1.99534.
starttime endtime O3 O3 O3 O3 O3 O3 O3 O3 flag
[from data line 364]
 15.625000  15.666667  79.794  39.99  82.088  41.14  76.521  38.35   1.716   0.86 0.000
 15.666667  15.708333  79.135  39.66  80.931  40.56  76.601  38.39   1.157   0.58 0.000
 15.708333  15.750000  79.634  39.91  80.532  40.36  77.759  38.97   0.599   0.30 0.000
 15.750000  15.791667  78.956  39.57  80.891  40.54  76.142  38.16   1.197   0.60 0.000
 15.791667  15.833333  77.100  38.64  79.375  39.78  71.254  35.71   1.257   0.63 0.000
 15.833333  15.875000  78.517  39.35  80.552  40.37  76.302  38.24   0.718   0.36 0.000
 15.875000  15.916667  78.577  39.38  79.814  40.00  77.759  38.97   0.419   0.21 0.000
 15.916667  15.958333  78.437  39.31  80.572  40.38  75.723  37.95   0.918   0.46 0.000
 15.958333  16.000000  79.115  39.65  81.370  40.78  76.242  38.21   0.978   0.49 0.000
 16.000000  16.041667  78.517  39.35  79.594  39.89  77.399  38.79   0.459   0.23 0.000
 16.041667  16.083333  79.175  39.68  80.233  40.21  77.200  38.69   0.658   0.33 0.000
 16.083333  16.125000  78.656  39.42  80.193  40.19  77.040  38.61   0.658   0.33 0.000
 16.125000  16.166667  79.874  40.03  81.989  41.09  74.506  37.34   1.097   0.55 0.000
 16.166667  16.208333  80.113  40.15  81.111  40.65  79.036  39.61   0.499   0.25 0.000
 16.208333  16.250000  80.053  40.12  81.290  40.74  78.816  39.50   0.599   0.30 0.000
 16.250000  16.291667  79.574  39.88  81.490  40.84  76.781  38.48   0.878   0.44 0.000
 16.291667  16.333333  79.355  39.77  81.390  40.79  77.200  38.69   0.938   0.47 0.000
 16.333333  16.375000  74.386  37.28  79.315  39.75  61.057  30.60   5.447   2.73 0.000
 16.375000  16.416667  76.601  38.39  78.736  39.46  72.750  36.46   1.357   0.68 0.000
 16.416667  16.458333  76.362  38.27  80.313  40.25  71.713  35.94   2.813   1.41 0.000
 16.458333  16.500000  73.528  36.85  76.821  38.50  71.772  35.97   0.858   0.43 0.000
 16.500000  16.541667  70.595  35.38  76.861  38.52  48.786  24.45   7.024   3.52 0.000
 16.541667  16.583333  72.850  36.51  75.943  38.06  68.440  34.30   1.477   0.74 0.000
 16.583333  16.625000  74.865  37.52  76.701  38.44  71.713  35.94   1.257   0.63 0.000
 16.625000  16.666667  72.650  36.41  74.466  37.32  69.697  34.93   0.978   0.49 0.000
 16.666667  16.708333  76.082  38.13  77.759  38.97  72.611  36.39   1.097   0.55 0.000
 16.708333  16.750000  75.863  38.02  77.499  38.84  72.571  36.37   1.137   0.57 0.000
 16.750000  16.791667  76.202  38.19  78.736  39.46  67.263  33.71   2.235   1.12 0.000
 16.791667  16.833333  74.067  37.12  77.280  38.73  70.116  35.14   1.776   0.89 0.000
 16.833333  16.875000  74.446  37.31  75.983  38.08  71.972  36.07   0.978   0.49 0.000
 16.875000  16.916667  74.865  37.52  76.182  38.18  72.271  36.22   0.758   0.38 0.000
 16.916667  16.958333  74.466  37.32  76.561  38.37  70.376  35.27   1.616   0.81 0.000
 16.958333  17.000000  74.087  37.13  75.484  37.83  71.453  35.81   1.077   0.54 0.000
 17.000000  17.041667  74.985  37.58  76.541  38.36  73.708  36.94   0.639   0.32 0.000
 17.041667  17.083333  77.320  38.75  79.654  39.92  75.823  38.00   1.018   0.51 0.000
 17.083333  17.125000  78.437  39.31  80.652  40.42  76.801  38.49   0.898   0.45 0.000
 17.125000  17.166667  78.916  39.55  80.372  40.28  76.721  38.45   0.718   0.36 0.000
 17.166667  17.208333  77.958  39.07  79.335  39.76  76.003  38.09   0.838   0.42 0.000
 17.208333  17.250000  79.016  39.60  80.452  40.32  77.479  38.83   0.678   0.34 0.000
 17.250000  17.291667  76.122  38.15  78.816  39.50  68.021  34.09   2.694   1.35 0.000
 17.291667  17.333333  76.382  38.28  79.933  40.06  72.431  36.30   2.135   1.07 0.000
 17.333333  17.375000  77.739  38.96  79.375  39.78  75.005  37.59   1.237   0.62 0.000
 17.375000  17.416667  78.098  39.14  80.372  40.28  73.389  36.78   1.796   0.90 0.000
 17.416667  17.458333  78.577  39.38  79.674  39.93  77.798  38.99   0.439   0.22 0.000
 17.458333  17.500000  78.317  39.25  79.594  39.89  76.681  38.43   0.758   0.38 0.000
 17.500000  17.541667  77.699  38.94  79.654  39.92  76.142  38.16   1.018   0.51 0.000
 17.541667  17.583333  79.634  39.91  81.210  40.70  72.291  36.23   1.337   0.67 0.000
 17.583333  17.625000  77.479  38.83  80.113  40.15  64.270  32.21   3.113   1.56 0.000
 17.625000  17.666667  68.340  34.25  80.931  40.56  36.854  18.47  11.433   5.73 0.000
 17.666667  17.708333  78.676  39.43  80.692  40.44  60.359  30.25   2.734   1.37 0.000
 17.708333  17.750000  73.149  36.66  78.517  39.35  42.860  21.48   6.625   3.32 0.000
 17.750000  17.791667  78.497  39.34  79.754  39.97  75.584  37.88   0.978   0.49 0.000
 17.791667  17.833333  74.686  37.43  80.193  40.19  58.444  29.29   5.168   2.59 0.000
 17.833333  17.875000  79.195  39.69  81.490  40.84  77.639  38.91   0.778   0.39 0.000
 17.875000  17.916667  79.095  39.64  81.330  40.76  76.481  38.33   1.497   0.75 0.000
 17.916667  17.958333  79.135  39.66  81.230  40.71  77.679  38.93   0.798   0.40 0.000
 17.958333  18.000000  79.255  39.72  80.871  40.53  77.399  38.79   0.778   0.39 0.000
 18.000000  18.041667  80.811  40.50  82.268  41.23  78.936  39.56   0.858   0.43 0.000
 18.041667  18.083333  80.193  40.19  81.470  40.83  78.197  39.19   0.758   0.38 0.000
 18.083333  18.125000  80.213  40.20  81.949  41.07  78.118  39.15   0.878   0.44 0.000
 18.125000  18.166667  79.614  39.90  82.487  41.34  72.770  36.47   2.255   1.13 0.000
 18.166667  18.208333  79.754  39.97  81.550  40.87  75.424  37.80   1.576   0.79 0.000
 18.208333  18.250000  81.031  40.61  82.268  41.23  80.372  40.28   0.379   0.19 0.000
 18.250000  18.291667  82.188  41.19  84.004  42.10  80.432  40.31   0.818   0.41 0.000
 18.291667  18.333333  82.068  41.13  83.465  41.83  80.831  40.51   0.599   0.30 0.000
 18.333333  18.375000  80.632  40.41  82.128  41.16  79.135  39.66   0.798   0.40 0.000
 18.375000  18.416667  80.053  40.12  81.849  41.02  78.178  39.18   1.117   0.56 0.000
 18.416667  18.458333  80.452  40.32  82.587  41.39  77.838  39.01   1.157   0.58 0.000
 18.458333  18.500000  80.752  40.47  83.465  41.83  77.599  38.89   1.437   0.72 0.000
 18.500000  18.541667  79.794  39.99  81.131  40.66  77.878  39.03   0.639   0.32 0.000
 18.541667  18.583333  74.566  37.37  80.851  40.52  45.314  22.71   7.642   3.83 0.000
 18.583333  18.625000  76.422  38.30  78.457  39.32  73.868  37.02   1.417   0.71 0.000
 18.625000  18.666667  71.014  35.59  77.978  39.08  62.554  31.35   3.352   1.68 0.000
 18.666667  18.708333  72.970  36.57  77.639  38.91  68.281  34.22   2.295   1.15 0.000
 18.708333  18.750000  75.524  37.85  78.217  39.20  72.670  36.42   1.497   0.75 0.000
 18.750000  18.791667  75.743  37.96  77.619  38.90  73.987  37.08   0.878   0.44 0.000
 18.791667  18.833333  74.027  37.10  79.095  39.64  46.811  23.46   4.789   2.40 0.000
 18.833333  18.875000  74.885  37.53  78.058  39.12  72.172  36.17   1.676   0.84 0.000
 18.875000  18.916667  74.486  37.33  77.459  38.82  70.156  35.16   2.095   1.05 0.000
 18.916667  18.958333  74.845  37.51  77.838  39.01  69.857  35.01   2.055   1.03 0.000
 18.958333  19.000000  76.561  38.37  77.739  38.96  73.229  36.70   0.898   0.45 0.000
 19.000000  19.041667  75.105  37.64  77.818  39.00  72.092  36.13   1.157   0.58 0.000
 19.041667  19.083333  74.466  37.32  76.043  38.11  73.069  36.62   0.718   0.36 0.000
 19.083333  19.125000  74.985  37.58  76.861  38.52  73.568  36.87   0.778   0.39 0.000
 19.125000  19.166667  76.082  38.13  78.617  39.40  73.229  36.70   1.397   0.70 0.000
 19.166667  19.208333  76.202  38.19  78.577  39.38  73.209  36.69   1.716   0.86 0.000
 19.208333  19.250000  76.821  38.50  78.297  39.24  75.643  37.91   0.579   0.29 0.000
 19.250000  19.291667  75.703  37.94  77.798  38.99  73.449  36.81   1.217   0.61 0.000
 19.291667  19.333333  76.102  38.14  77.679  38.93  73.788  36.98   0.878   0.44 0.000
 19.333333  19.375000  76.661  38.42  78.577  39.38  73.588  36.88   1.317   0.66 0.000
 19.375000  19.416667  76.362  38.27  79.175  39.68  70.515  35.34   1.995   1.00 0.000
 19.416667  19.458333  75.145  37.66  76.741  38.46  72.850  36.51   0.798   0.40 0.000
 19.458333  19.500000  75.145  37.66  77.200  38.69  73.588  36.88   0.818   0.41 0.000
 19.500000  19.541667  75.544  37.86  76.721  38.45  73.808  36.99   0.619   0.31 0.000
 19.541667  19.583333  75.763  37.97  78.696  39.44  73.628  36.90   1.177   0.59 0.000
 19.583333  19.625000  73.608  36.89  75.763  37.97  72.072  36.12   0.958   0.48 0.000
 19.625000  19.666667  75.524  37.85  78.277  39.23  72.970  36.57   1.716   0.86 0.000
 19.666667  19.708333  75.604  37.89  78.597  39.39  71.633  35.90   1.397   0.70 0.000
 19.708333  19.750000  76.062  38.12  78.756  39.47  74.167  37.17   0.958   0.48 0.000
 19.750000  19.791667  76.102  38.14  79.494  39.84  58.144  29.14   2.813   1.41 0.000
 19.791667  19.833333  75.025  37.60  78.577  39.38  72.930  36.55   1.437   0.72 0.000
 19.833333  19.875000  76.861  38.52  79.614  39.90  74.247  37.21   1.177   0.59 0.000
 19.875000  19.916667  76.122  38.15  78.118  39.15  73.389  36.78   1.038   0.52 0.000
 19.916667  19.958333  77.200  38.69  78.716  39.45  73.768  36.97   0.978   0.49 0.000
 19.958333  20.000000  76.282  38.23  78.297  39.24  73.409  36.79   1.457   0.73 0.000
 20.000000  20.041667  75.384  37.78  78.517  39.35  72.471  36.32   1.417   0.71 0.000
 20.041667  20.083333  76.541  38.36  77.978  39.08  74.785  37.48   0.818   0.41 0.000
 20.083333  20.125000  76.302  38.24  77.838  39.01  74.586  37.38   0.878   0.44 0.000
 20.125000  20.166667  76.003  38.09  78.078  39.13  74.067  37.12   1.237   0.62 0.000
 20.166667  20.208333  77.878  39.03  79.155  39.67  75.623  37.90   0.619   0.31 0.000
 20.208333  20.250000  75.703  37.94  78.716  39.45  70.535  35.35   2.035   1.02 0.000
 20.250000  20.291667  75.464  37.82  77.020  38.60  71.114  35.64   1.337   0.67 0.000
 20.291667  20.333333  75.883  38.03  77.359  38.77  73.688  36.93   0.898   0.45 0.000
 20.333333  20.375000  76.402  38.29  77.918  39.05  74.586  37.38   0.778   0.39 0.000
 20.375000  20.416667  76.402  38.29  78.597  39.39  74.327  37.25   1.097   0.55 0.000
 20.416667  20.458333  76.442  38.31  78.636  39.41  72.431  36.30   1.457   0.73 0.000
 20.458333  20.500000  78.257  39.22  79.475  39.83  77.320  38.75   0.499   0.25 0.000
 20.500000  20.541667  75.863  38.02  78.277  39.23  73.049  36.61   1.437   0.72 0.000
 20.541667  20.583333  76.601  38.39  78.517  39.35  73.349  36.76   1.117   0.56 0.000
 20.583333  20.625000  78.038  39.11  80.332  40.26  76.661  38.42   0.658   0.33 0.000
 20.625000  20.666667  77.040  38.61  78.557  39.37  75.823  38.00   0.479   0.24 0.000
 20.666667  20.708333  77.240  38.71  78.617  39.40  75.703  37.94   0.658   0.33 0.000
 20.708333  20.750000  77.778  38.98  78.896  39.54  76.162  38.17   0.678   0.34 0.000
 20.750000  20.791667  78.537  39.36  80.752  40.47  74.007  37.09   1.297   0.65 0.000
 20.791667  20.833333  78.118  39.15  79.135  39.66  76.621  38.40   0.499   0.25 0.000
 20.833333  20.875000  76.402  38.29  78.078  39.13  74.785  37.48   0.758   0.38 0.000
 20.875000  20.916667  76.581  38.38  78.856  39.52  73.488  36.83   1.596   0.80 0.000
 20.916667  20.958333  78.956  39.57  80.093  40.14  77.878  39.03   0.459   0.23 0.000
 20.958333  21.000000  78.078  39.13  79.953  40.07  76.501  38.34   0.818   0.41 0.000
 21.000000  21.041667  76.322  38.25  78.716  39.45  69.977  35.07   2.115   1.06 0.000
 21.041667  21.083333  75.444  37.81  79.275  39.73  70.156  35.16   2.614   1.31 0.000
 21.083333  21.125000  77.499  38.84  78.776  39.48  74.825  37.50   1.058   0.53 0.000
 21.125000  21.166667  76.621  38.40  78.656  39.42  74.586  37.38   1.058   0.53 0.000
 21.166667  21.208333  76.661  38.42  77.818  39.00  75.564  37.87   0.519   0.26 0.000
 21.208333  21.250000  77.280  38.73  79.634  39.91  75.085  37.63   1.177   0.59 0.000
 21.250000  21.291667  76.162  38.17  77.659  38.92  74.686  37.43   0.619   0.31 0.000
 21.291667  21.333333  75.983  38.08  78.617  39.40  74.346  37.26   1.117   0.56 0.000
 21.333333  21.375000  76.322  38.25  77.579  38.88  74.686  37.43   0.778   0.39 0.000
 21.375000  21.416667  76.541  38.36  77.878  39.03  75.165  37.67   0.619   0.31 0.000
 21.416667  21.458333  76.781  38.48  78.178  39.18  75.524  37.85   0.658   0.33 0.000
 21.458333  21.500000  77.020  38.60  78.736  39.46  75.165  37.67   0.639   0.32 0.000
 21.500000  21.541667  75.943  38.06  78.377  39.28  74.127  37.15   0.858   0.43 0.000
 21.541667  21.583333  76.422  38.30  79.115  39.65  74.606  37.39   0.918   0.46 0.000
 21.583333  21.625000  75.105  37.64  78.158  39.17  65.188  32.67   2.494   1.25 0.000
 21.625000  21.666667  75.883  38.03  77.320  38.75  74.466  37.32   0.778   0.39 0.000
 21.666667  21.708333  76.601  38.39  78.038  39.11  74.845  37.51   0.639   0.32 0.000
 21.708333  21.750000  77.100  38.64  79.175  39.68  75.783  37.98   0.738   0.37 0.000
 21.750000  21.791667  76.162  38.17  79.175  39.68  38.550  19.32   5.367   2.69 0.000
 21.791667  21.833333  76.861  38.52  80.352  40.27  75.045  37.61   1.217   0.61 0.000
 21.833333  21.875000  75.723  37.95  78.976  39.58  73.788  36.98   1.197   0.60 0.000
 21.875000  21.916667  76.661  38.42  80.712  40.45  58.903  29.52   4.948   2.48 0.000
 21.916667  21.958333  77.000  38.59  79.514  39.85  73.648  36.91   1.277   0.64 0.000
 21.958333  22.000000  76.901  38.54  78.417  39.30  75.264  37.72   0.619   0.31 0.000
 22.000000  22.041667  77.739  38.96  79.455  39.82  76.062  38.12   0.758   0.38 0.000
 22.041667  22.083333  76.741  38.46  78.517  39.35  75.284  37.73   0.778   0.39 0.000
 22.083333  22.125000  76.920  38.55  78.197  39.19  75.244  37.71   0.639   0.32 0.000
 22.125000  22.166667  77.579  38.88  79.674  39.93  75.923  38.05   0.958   0.48 0.000
 22.166667  22.208333  78.417  39.30  79.634  39.91  77.020  38.60   0.658   0.33 0.000
 22.208333  22.250000  77.858  39.02  78.916  39.55  76.861  38.52   0.499   0.25 0.000
 22.250000  22.291667  77.419  38.80  79.135  39.66  75.564  37.87   0.838   0.42 0.000
 22.291667  22.333333  77.579  38.88  78.876  39.53  76.302  38.24   0.639   0.32 0.000
 22.333333  22.375000  78.337  39.26  79.534  39.86  77.160  38.67   0.579   0.29 0.000
 22.375000  22.416667  78.557  39.37  80.053  40.12  77.160  38.67   0.639   0.32 0.000
 22.416667  22.458333  79.435  39.81  81.410  40.80  77.699  38.94   0.958   0.48 0.000
 22.458333  22.500000  80.432  40.31  82.188  41.19  76.462  38.32   1.397   0.70 0.000
 22.500000  22.541667  77.100  38.64  79.634  39.91  75.584  37.88   0.838   0.42 0.000
 22.541667  22.583333  79.036  39.61  80.592  40.39  77.180  38.68   0.778   0.39 0.000
 22.583333  22.625000  78.676  39.43  80.093  40.14  77.120  38.65   0.639   0.32 0.000
 22.625000  22.666667  78.676  39.43  79.973  40.08  77.339  38.76   0.599   0.30 0.000
 22.666667  22.708333  78.996  39.59  79.894  40.04  77.719  38.95   0.439   0.22 0.000
 22.708333  22.750000  79.115  39.65  80.612  40.40  74.366  37.27   1.137   0.57 0.000
 22.750000  22.791667  78.417  39.30  79.973  40.08  59.042  29.59   2.734   1.37 0.000
 22.791667  22.833333  78.617  39.40  79.834  40.01  76.621  38.40   0.619   0.31 0.000
 22.833333  22.875000  78.397  39.29  80.113  40.15  74.127  37.15   1.237   0.62 0.000
 22.875000  22.916667  78.597  39.39  80.512  40.35  75.304  37.74   1.357   0.68 0.000
 22.916667  22.958333  77.998  39.09  80.592  40.39  75.204  37.69   1.397   0.70 0.000
 22.958333  23.000000  77.499  38.84  79.933  40.06  73.927  37.05   1.576   0.79 0.000
 23.000000  23.041667  77.858  39.02  80.013  40.10  76.382  38.28   0.798   0.40 0.000
 23.041667  23.083333  78.936  39.56  81.190  40.69  76.481  38.33   0.938   0.47 0.000
 23.083333  23.125000  78.457  39.32  80.352  40.27  75.025  37.60   1.297   0.65 0.000
 23.125000  23.166667  78.018  39.10  79.754  39.97  75.404  37.79   0.938   0.47 0.000
