ODEfiles/EUK18/CA0103R.20180101110000.20190305202329.uv_abs.ozone.air.1y.1h.US06L_Thermo_49i_EUK.US06L_AM.lev2.nas
79 1001
Crepinsek, Sara; Petropavlovskikh, Irina; McClure-Begley, Audra
US06L, National Oceanic and Atmospheric Administration, NOAA/ESRL/GMD, "Earth System Research Laboratory, Global Monitoring Division", 325 Broadway, , CO 80305-3, Boulder, U.S.A.
Crepinsek, Sara; Petropavlovskikh, Irina; McClure-Begley, Audra
GAW-WDCRG NOAA-ESRL
1 1
2018 01 01 2019 03 05
0.041667
days from file reference point
10
1 1 1 1 1 1 1 1 1 1
999.999999 999.999 999.99 999.999 999.99 999.999 999.99 999.999 999.99 9.999
end_time of measurement, days from the file reference point
ozone, ug/m3, Statistics=arithmetic mean, Volume std. temperature=293.15 K, Volume std. pressure=1013.25 hPa, Detection limit=1.995 ug/m3, Measurement uncertainty=1.995 ug/m3, Measurement uncertainty expl.=includes statistical uncertainty of individual sample and calibration uncertainty, "Comment=Data converted on import into EBAS from 'nmol/mol' to 'ug/m3' at 293.15 K, 1013.25 hPa, conversion factor 1.99534."
ozone, nmol/mol, Statistics=arithmetic mean, Detection limit=1.0 nmol/mol, Measurement uncertainty=1.0 nmol/mol, Measurement uncertainty expl.=includes statistical uncertainty of individual sample and calibration uncertainty, "Comment=Data converted on import into EBAS from 'nmol/mol' to 'ug/m3' at 293.15 K, 1013.25 hPa, conversion factor 1.99534."
ozone, ug/m3, Statistics=maximum, Volume std. temperature=293.15 K, Volume std. pressure=1013.25 hPa, Detection limit=1.995 ug/m3
ozone, nmol/mol, Statistics=maximum, Detection limit=1.0 nmol/mol
ozone, ug/m3, Statistics=minimum, Volume std. temperature=293.15 K, Volume std. pressure=1013.25 hPa, Detection limit=1.995 ug/m3
ozone, nmol/mol, Statistics=minimum, Detection limit=1.0 nmol/mol
ozone, ug/m3, Statistics=stddev, Volume std. temperature=293.15 K, Volume std. pressure=1013.25 hPa, Detection limit=1.995 ug/m3
ozone, nmol/mol, Statistics=stddev, Detection limit=1.0 nmol/mol
numflag, no unit
0
55
Data definition:              EBAS_1.1
Set type code:                TU
Timezone:                     UTC
File name:                    CA0103R.20180101110000.20190305202329.uv_abs.ozone.air.1y.1h.US06L_Thermo_49i_EUK.US06L_AM.lev2.nas
File creation:                20190910091405
Startdate:                    20180101110000
Revision date:                20190305202329
Version:                      1
Version description:          Version numbering not tracked, generated by CPD3 EBAS Export v21-53-g160e197 run as da.output.ebas (28101) run by mcclure on aero.cmdl.noaa.gov via da.output.ebas --profile=ozone euk 2018-01-01 2019-01-01
Data level:                   2
Period code:                  1y
Resolution code:              1h
Sample duration:              1h
Station code:                 CA0103R
Platform code:                CA0103S
Station name:                 Eureka
Station GAW-ID:               EUK
Station GAW-Name:             Eureka
Station state/province:       NU
Station land use:             Gravel and stone
Station setting:              Polar
Station GAW type:             R
Station WMO region:           4
Station latitude:             80.0500030518
Station longitude:            -86.4166564941
Station altitude:             610.0m
Measurement latitude:         80.05
Measurement longitude:        -86.41666
Measurement altitude:         610.0m
[...]
Originator:                   Petropavlovskikh, Irina, Irina.petro@noaa.gov, National Oceanic and Atmospheric Administration/Earth System Research Laboratory/Global Monitoring Division, NOAA/ESRL/GMD, , 325 Broadway, , 80305, "Boulder, CO", USA
Originator:                   McClure-Begley, Audra, Audra.mcclure@noaa.gov, National Oceanic and Atmospheric Administration/Earth System Research Laboratory/Global Monitoring Division, NOAA/ESRL/GMD, , 325 Broadway, , 80305, "Boulder, CO", USA
Submitter:                    Crepinsek, Sara, sara.crepinsek@noaa.gov, National Oceanic and Atmospheric Administration/Earth System Research Laboratory/Physical Sciences Division, NOAA/ESRL/PSD, , 325 Broadway, , 80305, "Boulder, CO", USA
Submitter:                    Petropavlovskikh, Irina, Irina.petro@noaa.gov, National Oceanic and Atmospheric Administration/Earth System Research Laboratory/Global Monitoring Division, NOAA/ESRL/GMD, , 325 Broadway, , 80305, "Boulder, CO", USA
Submitter:                    McClure-Begley, Audra, Audra.mcclure@noaa.gov, National Oceanic and Atmospheric Administration/Earth System Research Laboratory/Global Monitoring Division, NOAA/ESRL/GMD, , 325 Broadway, , 80305, "Boulder, CO", USA
Acknowledgement:              "Request Acknowledgement details from data originator. http://dx.doi.org/10.7289/V57P8WBF"
Comment:                      Data converted on import into EBAS from 'nmol/mol' to 'ug/m3' at 293.15 K, 1013.25 hPa, conversion factor 1.99534. Detection limit converted from '1.0 nmol/mol' to '1.995 ug/m3' at 293.15 K, 1013.25 hPa, conversion factor 1.99534.
starttime endtime O3 O3 O3 O3 O3 O3 O3 O3 flag
[from data line 3091]
129.250000 129.291667  15.723   7.88  16.881   8.46  14.626   7.33   0.499   0.25 0.000
129.291667 129.333333  15.264   7.65  16.501   8.27  13.808   6.92   0.599   0.30 0.000
129.333333 129.375000  14.307   7.17  15.584   7.81  13.329   6.68   0.479   0.24 0.000
129.375000 129.416667  14.526   7.28  15.643   7.84  13.648   6.84   0.439   0.22 0.000
129.416667 129.458333  14.706   7.37  15.284   7.66  13.768   6.90   0.299   0.15 0.000
129.458333 129.500000  14.606   7.32  15.384   7.71  13.908   6.97   0.299   0.15 0.000
129.500000 129.541667  14.546   7.29  15.504   7.77  13.548   6.79   0.439   0.22 0.000
129.541667 129.583333  14.267   7.15  15.384   7.71  13.229   6.63   0.499   0.25 0.000
129.583333 129.625000  13.967   7.00  14.766   7.40  12.970   6.50   0.419   0.21 0.000
129.625000 129.666667  13.608   6.82  14.187   7.11  12.690   6.36   0.339   0.17 0.000
129.666667 129.708333  13.069   6.55  14.007   7.02  11.992   6.01   0.439   0.22 0.000
129.708333 129.750000  12.391   6.21  13.089   6.56  11.393   5.71   0.299   0.15 0.000
129.750000 129.791667  12.032   6.03  12.790   6.41  11.473   5.75   0.279   0.14 0.000
129.791667 129.833333  11.773   5.90  12.611   6.32  10.795   5.41   0.359   0.18 0.000
129.833333 129.875000  11.613   5.82  12.591   6.31  10.535   5.28   0.419   0.21 0.000
129.875000 129.916667  11.473   5.75  12.531   6.28  10.775   5.40   0.339   0.17 0.000
129.916667 129.958333  11.433   5.73  12.591   6.31  10.795   5.41   0.379   0.19 0.000
129.958333 130.000000  12.112   6.07  13.628   6.83  10.875   5.45   0.579   0.29 0.000
130.000000 130.041667  13.389   6.71  14.227   7.13  12.311   6.17   0.399   0.20 0.000
130.041667 130.083333  13.329   6.68  14.127   7.08  12.511   6.27   0.359   0.18 0.000
130.083333 130.125000  13.927   6.98  15.803   7.92  12.531   6.28   0.798   0.40 0.000
130.125000 130.166667  16.980   8.51  18.796   9.42  14.746   7.39   1.018   0.51 0.000
130.166667 130.208333  17.699   8.87  18.916   9.48  16.402   8.22   0.539   0.27 0.000
130.208333 130.250000  16.043   8.04  18.417   9.23  12.770   6.40   1.297   0.65 0.000
130.250000 130.291667  13.868   6.95  17.140   8.59  11.034   5.53   1.477   0.74 0.000
130.291667 130.333333  12.351   6.19  14.626   7.33  10.954   5.49   1.018   0.51 0.000
130.333333 130.375000  12.730   6.38  15.205   7.62  10.954   5.49   1.177   0.59 0.000
130.375000 130.416667  11.773   5.90  13.588   6.81  10.775   5.40   0.698   0.35 0.000
130.416667 130.458333  12.411   6.22  13.489   6.76  11.194   5.61   0.519   0.26 0.000
130.458333 130.500000  11.234   5.63  12.271   6.15   9.737   4.88   0.658   0.33 0.000
130.500000 130.541667   9.877   4.95  10.875   5.45   8.799   4.41   0.439   0.22 0.000
130.541667 130.583333  10.156   5.09  11.274   5.65   9.378   4.70   0.399   0.20 0.000
130.583333 130.625000  10.396   5.21  11.453   5.74   9.199   4.61   0.459   0.23 0.000
130.625000 130.666667   9.777   4.90  10.974   5.50   8.041   4.03   0.678   0.34 0.000
130.666667 130.708333   9.238   4.63  10.017   5.02   8.600   4.31   0.339   0.17 0.000
130.708333 130.750000  10.037   5.03  10.994   5.51   9.298   4.66   0.339   0.17 0.000
130.750000 130.791667   9.598   4.81  10.476   5.25   8.780   4.40   0.359   0.18 0.000
130.791667 130.833333   9.179   4.60   9.897   4.96   8.181   4.10   0.359   0.18 0.000
130.833333 130.875000   9.159   4.59  10.855   5.44   8.321   4.17   0.419   0.21 0.000
130.875000 130.916667   8.919   4.47  11.952   5.99   7.842   3.93   0.718   0.36 0.000
130.916667 130.958333   8.839   4.43  10.376   5.20   7.742   3.88   0.579   0.29 0.000
130.958333 131.000000   9.538   4.78  10.755   5.39   8.041   4.03   0.658   0.33 0.000
131.000000 131.041667  10.934   5.48  12.251   6.14   9.657   4.84   0.599   0.30 0.000
131.041667 131.083333  12.152   6.09  14.706   7.37   9.398   4.71   1.317   0.66 0.000
131.083333 131.125000  12.990   6.51  14.646   7.34  10.795   5.41   0.998   0.50 0.000
131.125000 131.166667  12.231   6.13  16.462   8.25   9.258   4.64   2.075   1.04 0.000
131.166667 131.208333   7.403   3.71  11.792   5.91   5.467   2.74   1.796   0.90 0.000
131.208333 131.250000   5.786   2.90   6.884   3.45   4.589   2.30   0.459   0.23 0.000
131.250000 131.291667   6.704   3.36   8.580   4.30   5.268   2.64   0.858   0.43 0.000
131.291667 131.333333   6.545   3.28   7.383   3.70   5.687   2.85   0.439   0.22 0.000
131.333333 131.375000   6.585   3.30   7.383   3.70   5.547   2.78   0.439   0.22 0.000
131.375000 131.416667   8.101   4.06   9.538   4.78   5.826   2.92   0.938   0.47 0.000
131.416667 131.458333   7.822   3.92   8.780   4.40   6.904   3.46   0.439   0.22 0.000
131.458333 131.500000   7.822   3.92   9.398   4.71   6.864   3.44   0.519   0.26 0.000
131.500000 131.541667   7.343   3.68   8.221   4.12   6.405   3.21   0.399   0.20 0.000
131.541667 131.583333   7.303   3.66   8.301   4.16   6.405   3.21   0.499   0.25 0.000
131.583333 131.625000   7.403   3.71   8.001   4.01   6.525   3.27   0.339   0.17 0.000
131.625000 131.666667   7.243   3.63   7.981   4.00   6.625   3.32   0.319   0.16 0.000
131.666667 131.708333   7.223   3.62   7.961   3.99   6.485   3.25   0.319   0.16 0.000
131.708333 131.750000   7.064   3.54   7.902   3.96   6.206   3.11   0.399   0.20 0.000
131.750000 131.791667   6.904   3.46   8.201   4.11   5.886   2.95   0.539   0.27 0.000
131.791667 131.833333   7.981   4.00   9.438   4.73   6.445   3.23   0.778   0.39 0.000
131.833333 131.875000   6.764   3.39   8.201   4.11   5.367   2.69   0.559   0.28 0.000
131.875000 131.916667   6.904   3.46   8.221   4.12   5.946   2.98   0.539   0.27 0.000
131.916667 131.958333   6.505   3.26   7.283   3.65   5.228   2.62   0.399   0.20 0.000
131.958333 132.000000   7.363   3.69   8.859   4.44   5.906   2.96   0.698   0.35 0.000
132.000000 132.041667   7.762   3.89   8.939   4.48   6.864   3.44   0.499   0.25 0.000
132.041667 132.083333   7.423   3.72   8.819   4.42   6.445   3.23   0.539   0.27 0.000
132.083333 132.125000   7.822   3.92   9.079   4.55   6.784   3.40   0.599   0.30 0.000
132.125000 132.166667   8.261   4.14   8.899   4.46   7.044   3.53   0.379   0.19 0.000
132.166667 132.208333   6.964   3.49   9.218   4.62   4.669   2.34   1.257   0.63 0.000
132.208333 132.250000   7.981   4.00   9.238   4.63   5.926   2.97   0.778   0.39 0.000
132.250000 132.291667   7.483   3.75   9.338   4.68   6.026   3.02   0.698   0.35 0.000
132.291667 132.333333   7.762   3.89   9.258   4.64   6.664   3.34   0.599   0.30 0.000
132.333333 132.375000   6.704   3.36   8.979   4.50   5.028   2.52   1.018   0.51 0.000
132.375000 132.416667   6.006   3.01   8.041   4.03   4.649   2.33   0.678   0.34 0.000
132.416667 132.458333   5.268   2.64   7.981   4.00   3.691   1.85   1.058   0.53 0.000
132.458333 132.500000   7.862   3.94   9.179   4.60   4.370   2.19   0.978   0.49 0.000
132.500000 132.541667   4.430   2.22   5.168   2.59   3.711   1.86   0.379   0.19 0.000
132.541667 132.583333   4.310   2.16   5.767   2.89   3.512   1.76   0.439   0.22 0.000
132.583333 132.625000   4.330   2.17   6.146   3.08   3.472   1.74   0.479   0.24 0.000
132.625000 132.666667   6.126   3.07   9.458   4.74   4.031   2.02   1.237   0.62 0.000
132.666667 132.708333   6.664   3.34  11.114   5.57   4.709   2.36   1.935   0.97 0.000
132.708333 132.750000   5.547   2.78   6.704   3.36   4.070   2.04   0.579   0.29 0.000
132.750000 132.791667  10.535   5.28  14.945   7.49   5.188   2.60   3.392   1.70 0.000
132.791667 132.833333   8.939   4.48  13.748   6.89   6.505   3.26   2.394   1.20 0.000
132.833333 132.875000   9.159   4.59  14.985   7.51   6.365   3.19   2.454   1.23 0.000
132.875000 132.916667   8.740   4.38  12.052   6.04   7.103   3.56   1.177   0.59 0.000
132.916667 132.958333   9.238   4.63  10.994   5.51   7.981   4.00   0.778   0.39 0.000
132.958333 133.000000   8.660   4.34  10.755   5.39   7.303   3.66   0.698   0.35 0.000
133.000000 133.041667   8.321   4.17   9.179   4.60   7.283   3.65   0.419   0.21 0.000
133.041667 133.083333   9.518   4.77  10.835   5.43   8.021   4.02   0.658   0.33 0.000
133.083333 133.125000  10.176   5.10  11.673   5.85   9.338   4.68   0.499   0.25 0.000
133.125000 133.166667  13.628   6.83  16.901   8.47  11.034   5.53   1.776   0.89 0.000
133.166667 133.208333  16.641   8.34  20.372  10.21  11.134   5.58   2.754   1.38 0.000
133.208333 133.250000  19.694   9.87  25.660  12.86  11.194   5.61   3.711   1.86 0.000
133.250000 133.291667  23.964  12.01  27.715  13.89  19.155   9.60   2.215   1.11 0.000
133.291667 133.333333  22.807  11.43  30.968  15.52  17.040   8.54   3.971   1.99 0.000
133.333333 133.375000  23.725  11.89  29.232  14.65  17.878   8.96   3.193   1.60 0.000
133.375000 133.416667  20.352  10.20  25.401  12.73  16.282   8.16   2.474   1.24 0.000
133.416667 133.458333  18.138   9.09  24.443  12.25  14.486   7.26   1.896   0.95 0.000
133.458333 133.500000  15.384   7.71  20.592  10.32  11.653   5.84   2.295   1.15 0.000
133.500000 133.541667  19.075   9.56  23.146  11.60  13.947   6.99   3.033   1.52 0.000
133.541667 133.583333  15.005   7.52  15.943   7.99  13.868   6.95   0.419   0.21 0.000
133.583333 133.625000  15.803   7.92  16.801   8.42  14.945   7.49   0.399   0.20 0.000
133.625000 133.666667  16.980   8.51  17.958   9.00  15.723   7.88   0.539   0.27 0.000
133.666667 133.708333  17.659   8.85  18.537   9.29  16.960   8.50   0.339   0.17 0.000
133.708333 133.750000  18.198   9.12  19.475   9.76  17.100   8.57   0.579   0.29 0.000
133.750000 133.791667  17.659   8.85  19.395   9.72  14.845   7.44   1.058   0.53 0.000
133.791667 133.833333  22.208  11.13  25.979  13.02  18.796   9.42   1.955   0.98 0.000
133.833333 133.875000  27.695  13.88  29.332  14.70  26.558  13.31   0.579   0.29 0.000
133.875000 133.916667  30.249  15.16  32.624  16.35  27.396  13.73   1.477   0.74 0.000
133.916667 133.958333  30.928  15.50  33.023  16.55  28.753  14.41   0.958   0.48 0.000
133.958333 134.000000  29.631  14.85  32.045  16.06  28.094  14.08   0.818   0.41 0.000
134.000000 134.041667  28.434  14.25  29.631  14.85  27.436  13.75   0.499   0.25 0.000
134.041667 134.083333  29.012  14.54  32.245  16.16  28.134  14.10   0.619   0.31 0.000
134.083333 134.125000  30.050  15.06  31.347  15.71  28.414  14.24   0.818   0.41 0.000
134.125000 134.166667  28.972  14.52  31.227  15.65  27.715  13.89   0.858   0.43 0.000
134.166667 134.208333  29.990  15.03  32.584  16.33  27.496  13.78   1.477   0.74 0.000
134.208333 134.250000  31.207  15.64  33.163  16.62  28.932  14.50   0.958   0.48 0.000
134.250000 134.291667  31.227  15.65  32.724  16.40  29.431  14.75   0.778   0.39 0.000
134.291667 134.333333  31.048  15.56  32.424  16.25  29.012  14.54   0.838   0.42 0.000
134.333333 134.375000  30.090  15.08  31.566  15.82  27.596  13.83   0.818   0.41 0.000
134.375000 134.416667  28.314  14.19  31.706  15.89  26.239  13.15   1.377   0.69 0.000
134.416667 134.458333  26.438  13.25  27.316  13.69  25.520  12.79   0.399   0.20 0.000
134.458333 134.500000  26.997  13.53  28.713  14.39  25.860  12.96   0.639   0.32 0.000
134.500000 134.541667  27.177  13.62  34.799  17.44  25.022  12.54   2.135   1.07 0.000
134.541667 134.583333  28.893  14.48  32.045  16.06  26.857  13.46   0.978   0.49 0.000
134.583333 134.625000  29.671  14.87  30.888  15.48  28.613  14.34   0.519   0.26 0.000
134.625000 134.666667  31.746  15.91  34.659  17.37  28.673  14.37   1.836   0.92 0.000
134.666667 134.708333  31.586  15.83  33.203  16.64  28.972  14.52   0.619   0.31 0.000
134.708333 134.750000  33.183  16.63  35.218  17.65  30.449  15.26   1.237   0.62 0.000
134.750000 134.791667  35.497  17.79  38.969  19.53  33.103  16.59   1.257   0.63 0.000
134.791667 134.833333  35.657  17.87  38.091  19.09  33.701  16.89   0.878   0.44 0.000
134.833333 134.875000  36.575  18.33  38.710  19.40  33.322  16.70   1.516   0.76 0.000
134.875000 134.916667  37.073  18.58  39.368  19.73  34.240  17.16   1.197   0.60 0.000
134.916667 134.958333  34.420  17.25  36.196  18.14  33.342  16.71   0.718   0.36 0.000
134.958333 135.000000  34.599  17.34  36.355  18.22  33.761  16.92   0.599   0.30 0.000
135.000000 135.041667  33.761  16.92  34.739  17.41  33.063  16.57   0.379   0.19 0.000
135.041667 135.083333  38.929  19.51  46.092  23.10  33.562  16.82   3.791   1.90 0.000
135.083333 135.125000  40.905  20.50  46.771  23.44  35.437  17.76   4.170   2.09 0.000
135.125000 135.166667  43.558  21.83  50.582  25.35  36.315  18.20   3.133   1.57 0.000
135.166667 135.208333  51.021  25.57  57.286  28.71  44.017  22.06   3.632   1.82 0.000
135.208333 135.250000  54.393  27.26  59.302  29.72  49.006  24.56   2.774   1.39 0.000
135.250000 135.291667  51.560  25.84  58.164  29.15  44.736  22.42   3.492   1.75 0.000
135.291667 135.333333  50.183  25.15  56.967  28.55  42.860  21.48   4.130   2.07 0.000
135.333333 135.375000  41.344  20.72  54.154  27.14  37.193  18.64   4.749   2.38 0.000
135.375000 135.416667  40.266  20.18  47.150  23.63  37.752  18.92   2.574   1.29 0.000
135.416667 135.458333  48.108  24.11  50.043  25.08  45.214  22.66   1.317   0.66 0.000
135.458333 135.500000  42.940  21.52  50.522  25.32  38.490  19.29   3.911   1.96 0.000
135.500000 135.541667  50.642  25.38  53.296  26.71  47.210  23.66   1.317   0.66 0.000
135.541667 135.583333  58.523  29.33  69.518  34.84  48.826  24.47   6.704   3.36 0.000
135.583333 135.625000  66.565  33.36  68.161  34.16  65.108  32.63   0.798   0.40 0.000
135.625000 135.666667  66.285  33.22  68.261  34.21  64.190  32.17   0.858   0.43 0.000
135.666667 135.708333  68.979  34.57  71.413  35.79  66.944  33.55   1.018   0.51 0.000
135.708333 135.750000  70.396  35.28  72.690  36.43  68.999  34.58   1.018   0.51 0.000
135.750000 135.791667  71.733  35.95  73.927  37.05  68.460  34.31   1.656   0.83 0.000
135.791667 135.833333  73.089  36.63  75.364  37.77  71.733  35.95   0.858   0.43 0.000
135.833333 135.875000  71.812  35.99  73.488  36.83  69.538  34.85   0.958   0.48 0.000
135.875000 135.916667  70.376  35.27  72.790  36.48  69.059  34.61   0.858   0.43 0.000
135.916667 135.958333  68.500  34.33  74.167  37.17  64.330  32.24   2.374   1.19 0.000
135.958333 136.000000  64.968  32.56  67.323  33.74  63.631  31.89   0.958   0.48 0.000
136.000000 136.041667  65.407  32.78  68.779  34.47  64.310  32.23   0.878   0.44 0.000
136.041667 136.083333  65.647  32.90  69.578  34.87  64.410  32.28   1.058   0.53 0.000
136.083333 136.125000  63.512  31.83  66.784  33.47  60.160  30.15   1.896   0.95 0.000
136.125000 136.166667  57.426  28.78  61.137  30.64  53.575  26.85   1.896   0.95 0.000
136.166667 136.208333  54.154  27.14  58.803  29.47  48.946  24.53   2.554   1.28 0.000
136.208333 136.250000  50.123  25.12  53.575  26.85  47.729  23.92   1.477   0.74 0.000
136.250000 136.291667  48.227  24.17  49.305  24.71  47.030  23.57   0.419   0.21 0.000
136.291667 136.333333  49.065  24.59  50.642  25.38  47.170  23.64   0.878   0.44 0.000
136.333333 136.375000  47.310  23.71  48.267  24.19  46.392  23.25   0.459   0.23 0.000
136.375000 136.416667  47.330  23.72  48.307  24.21  45.594  22.85   0.579   0.29 0.000
136.416667 136.458333  42.740  21.42  45.494  22.80  39.887  19.99   1.477   0.74 0.000
136.458333 136.500000  40.645  20.37  44.137  22.12  38.530  19.31   1.556   0.78 0.000
136.500000 136.541667  44.556  22.33  49.325  24.72  42.361  21.23   1.377   0.69 0.000
136.541667 136.583333  40.825  20.46  44.017  22.06  38.251  19.17   1.277   0.64 0.000
136.583333 136.625000  40.027  20.06  44.496  22.30  38.211  19.15   1.536   0.77 0.000
136.625000 136.666667  39.907  20.00  42.561  21.33  38.191  19.14   0.838   0.42 0.000
136.666667 136.708333  46.152  23.13  50.582  25.35  41.124  20.61   3.352   1.68 0.000
136.708333 136.750000  50.382  25.25  52.418  26.27  49.105  24.61   0.738   0.37 0.000
136.750000 136.791667  51.240  25.68  53.974  27.05  47.150  23.63   1.357   0.68 0.000
