ODEfiles/EUK18/CA0103R.20180101110000.20190305202329.uv_abs.ozone.air.1y.1h.US06L_Thermo_49i_EUK.US06L_AM.lev2.nas
79 1001
Crepinsek, Sara; Petropavlovskikh, Irina; McClure-Begley, Audra
US06L, National Oceanic and Atmospheric Administration, NOAA/ESRL/GMD, "Earth System Research Laboratory, Global Monitoring Division", 325 Broadway, , CO 80305-3, Boulder, U.S.A.
Crepinsek, Sara; Petropavlovskikh, Irina; McClure-Begley, Audra
GAW-WDCRG NOAA-ESRL
1 1
2018 01 01 2019 03 05
0.041667
days from file reference point
10
1 1 1 1 1 1 1 1 1 1
999.999999 999.999 999.99 999.999 999.99 999.999 999.99 999.999 999.99 9.999
end_time of measurement, days from the file reference point
ozone, ug/m3, Statistics=arithmetic mean, Volume std. temperature=293.15 K, Volume std. pressure=1013.25 hPa, Detection limit=1.995 ug/m3, Measurement uncertainty=1.995 ug/m3, Measurement uncertainty expl.=includes statistical uncertainty of individual sample and calibration uncertainty, "Comment=Data converted on import into EBAS from 'nmol/mol' to 'ug/m3' at 293.15 K, 1013.25 hPa, conversion factor 1.99534."
ozone, nmol/mol, Statistics=arithmetic mean, Detection limit=1.0 nmol/mol, Measurement uncertainty=1.0 nmol/mol, Measurement uncertainty expl.=includes statistical uncertainty of individual sample and calibration uncertainty, "Comment=Data converted on import into EBAS from 'nmol/mol' to 'ug/m3' at 293.15 K, 1013.25 hPa, conversion factor 1.99534."
ozone, ug/m3, Statistics=maximum, Volume std. temperature=293.15 K, Volume std. pressure=1013.25 hPa, Detection limit=1.995 ug/m3
ozone, nmol/mol, Statistics=maximum, Detection limit=1.0 nmol/mol
ozone, ug/m3, Statistics=minimum, Volume std. temperature=293.15 K, Volume std. pressure=1013.25 hPa, Detection limit=1.995 ug/m3
ozone, nmol/mol, Statistics=minimum, Detection limit=1.0 nmol/mol
ozone, ug/m3, Statistics=stddev, Volume std. temperature=293.15 K, Volume std. pressure=1013.25 hPa, Detection limit=1.995 ug/m3
ozone, nmol/mol, Statistics=stddev, Detection limit=1.0 nmol/mol
numflag, no unit
0
55
Data definition:              EBAS_1.1
Set type code:                TU
Timezone:                     UTC
File name:                    CA0103R.20180101110000.20190305202329.uv_abs.ozone.air.1y.1h.US06L_Thermo_49i_EUK.US06L_AM.lev2.nas
File creation:                20190910091405
Startdate:                    20180101110000
Revision date:                20190305202329
Version:                      1
Version description:          Version numbering not tracked, generated by CPD3 EBAS Export v21-53-g160e197 run as da.output.ebas (28101) run by mcclure on aero.cmdl.noaa.gov via da.output.ebas --profile=ozone euk 2018-01-01 2019-01-01
Data level:                   2
Period code:                  1y
Resolution code:              1h
Sample duration:              1h
Station code:                 CA0103R
Platform code:                CA0103S
Station name:                 Eureka
Station GAW-ID:               EUK
Station GAW-Name:             Eureka
Station state/province:       NU
Station land use:             Gravel and stone
Station setting:              Polar
Station GAW type:             R
Station WMO region:           4
Station latitude:             80.0500030518
Station longitude:            -86.4166564941
Station altitude:             610.0m
Measurement latitude:         80.05
Measurement longitude:        -86.41666
Measurement altitude:         610.0m
[...]
Originator:                   Petropavlovskikh, Irina, Irina.petro@noaa.gov, National Oceanic and Atmospheric Administration/Earth System Research Laboratory/Global Monitoring Division, NOAA/ESRL/GMD, , 325 Broadway, , 80305, "Boulder, CO", USA
Originator:                   McClure-Begley, Audra, Audra.mcclure@noaa.gov, National Oceanic and Atmospheric Administration/Earth System Research Laboratory/Global Monitoring Division, NOAA/ESRL/GMD, , 325 Broadway, , 80305, "Boulder, CO", USA
Submitter:                    Crepinsek, Sara, sara.crepinsek@noaa.gov, National Oceanic and Atmospheric Administration/Earth System Research Laboratory/Physical Sciences Division, NOAA/ESRL/PSD, , 325 Broadway, , 80305, "Boulder, CO", USA
Submitter:                    Petropavlovskikh, Irina, Irina.petro@noaa.gov, National Oceanic and Atmospheric Administration/Earth System Research Laboratory/Global Monitoring Division, NOAA/ESRL/GMD, , 325 Broadway, , 80305, "Boulder, CO", USA
Submitter:                    McClure-Begley, Audra, Audra.mcclure@noaa.gov, National Oceanic and Atmospheric Administration/Earth System Research Laboratory/Global Monitoring Division, NOAA/ESRL/GMD, , 325 Broadway, , 80305, "Boulder, CO", USA
Acknowledgement:              "Request Acknowledgement details from data originator. http://dx.doi.org/10.7289/V57P8WBF"
Comment:                      Data converted on import into EBAS from 'nmol/mol' to 'ug/m3' at 293.15 K, 1013.25 hPa, conversion factor 1.99534. Detection limit converted from '1.0 nmol/mol' to '1.995 ug/m3' at 293.15 K, 1013.25 hPa, conversion factor 1.99534.
starttime endtime O3 O3 O3 O3 O3 O3 O3 O3 flag
[from data line 4182]
174.708333 174.750000  60.539  30.34  62.614  31.38  59.082  29.61   0.778   0.39 0.000
174.750000 174.791667  61.257  30.70  63.312  31.73  59.322  29.73   1.018   0.51 0.000
174.791667 174.833333  61.696  30.92  63.552  31.85  60.399  30.27   0.718   0.36 0.000
174.833333 174.875000  60.658  30.40  61.636  30.89  59.721  29.93   0.439   0.22 0.000
174.875000 174.916667  60.978  30.56  63.173  31.66  59.401  29.77   0.698   0.35 0.000
174.916667 174.958333  62.773  31.46  64.330  32.24  60.758  30.45   0.858   0.43 0.000
174.958333 175.000000  63.811  31.98  65.328  32.74  61.277  30.71   1.117   0.56 0.000
175.000000 175.041667  61.397  30.77  62.474  31.31  59.561  29.85   0.539   0.27 0.000
175.041667 175.083333  61.496  30.82  62.973  31.56  60.080  30.11   0.639   0.32 0.000
175.083333 175.125000  60.599  30.37  61.536  30.84  59.561  29.85   0.499   0.25 0.000
175.125000 175.166667  61.297  30.72  62.654  31.40  59.761  29.95   0.619   0.31 0.000
175.166667 175.208333  62.275  31.21  63.671  31.91  60.379  30.26   0.858   0.43 0.000
175.208333 175.250000  62.135  31.14  63.432  31.79  60.638  30.39   0.599   0.30 0.000
175.250000 175.291667  61.237  30.69  62.893  31.52  59.002  29.57   0.998   0.50 0.000
175.291667 175.333333  60.998  30.57  62.754  31.45  59.461  29.80   0.838   0.42 0.000
175.333333 175.375000  61.018  30.58  62.474  31.31  59.242  29.69   0.778   0.39 0.000
175.375000 175.416667  60.180  30.16  61.417  30.78  59.042  29.59   0.499   0.25 0.000
175.416667 175.458333  59.681  29.91  61.018  30.58  58.364  29.25   0.539   0.27 0.000
175.458333 175.500000  59.780  29.96  61.377  30.76  57.985  29.06   0.718   0.36 0.000
175.500000 175.541667  59.421  29.78  60.738  30.44  57.606  28.87   0.818   0.41 0.000
175.541667 175.583333  57.745  28.94  60.579  30.36  42.561  21.33   3.532   1.77 0.000
175.583333 175.625000  58.384  29.26  60.040  30.09  57.187  28.66   0.678   0.34 0.000
175.625000 175.666667  59.521  29.83  61.038  30.59  58.124  29.13   0.579   0.29 0.000
175.666667 175.708333  59.800  29.97  60.858  30.50  58.424  29.28   0.459   0.23 0.000
175.708333 175.750000  59.421  29.78  60.579  30.36  58.364  29.25   0.519   0.26 0.000
175.750000 175.791667  60.140  30.14  61.317  30.73  58.823  29.48   0.579   0.29 0.000
175.791667 175.833333  61.496  30.82  62.754  31.45  60.419  30.28   0.579   0.29 0.000
175.833333 175.875000  62.115  31.13  63.053  31.60  60.838  30.49   0.439   0.22 0.000
175.875000 175.916667  62.873  31.51  64.011  32.08  61.357  30.75   0.499   0.25 0.000
175.916667 175.958333  63.711  31.93  65.048  32.60  62.754  31.45   0.479   0.24 0.000
175.958333 176.000000  63.173  31.66  64.529  32.34  61.417  30.78   0.718   0.36 0.000
176.000000 176.041667  63.252  31.70  65.387  32.77  60.998  30.57   1.077   0.54 0.000
176.041667 176.083333  62.394  31.27  63.432  31.79  60.898  30.52   0.519   0.26 0.000
176.083333 176.125000  61.796  30.97  63.452  31.80  60.399  30.27   0.599   0.30 0.000
176.125000 176.166667  62.295  31.22  63.911  32.03  60.678  30.41   0.818   0.41 0.000
176.166667 176.208333  62.434  31.29  64.090  32.12  60.619  30.38   0.938   0.47 0.000
176.208333 176.250000  62.853  31.50  63.951  32.05  61.596  30.87   0.519   0.26 0.000
176.250000 176.291667  63.133  31.64  64.430  32.29  61.935  31.04   0.559   0.28 0.000
176.291667 176.333333  62.833  31.49  64.110  32.13  61.516  30.83   0.658   0.33 0.000
176.333333 176.375000  62.754  31.45  64.430  32.29  61.656  30.90   0.639   0.32 0.000
176.375000 176.416667  61.596  30.87  64.589  32.37  59.541  29.84   1.357   0.68 0.000
176.416667 176.458333  59.322  29.73  60.798  30.47  57.366  28.75   0.818   0.41 0.000
176.458333 176.500000  58.164  29.15  59.761  29.95  57.047  28.59   0.639   0.32 0.000
176.500000 176.541667  57.645  28.89  58.623  29.38  56.668  28.40   0.439   0.22 0.000
176.541667 176.583333  57.167  28.65  58.204  29.17  51.879  26.00   0.818   0.41 0.000
176.583333 176.625000  57.127  28.63  58.045  29.09  56.488  28.31   0.339   0.17 0.000
176.625000 176.666667  56.887  28.51  58.284  29.21  50.283  25.20   1.317   0.66 0.000
176.666667 176.708333  57.286  28.71  58.344  29.24  54.253  27.19   0.639   0.32 0.000
176.708333 176.750000  57.206  28.67  60.838  30.49  47.649  23.88   2.893   1.45 0.000
176.750000 176.791667  59.501  29.82  61.077  30.61  57.326  28.73   0.838   0.42 0.000
176.791667 176.833333  57.845  28.99  59.741  29.94  56.129  28.13   0.998   0.50 0.000
176.833333 176.875000  58.045  29.09  59.880  30.01  55.750  27.94   0.978   0.49 0.000
176.875000 176.916667  57.266  28.70  59.302  29.72  55.431  27.78   0.678   0.34 0.000
176.916667 176.958333  58.204  29.17  59.401  29.77  51.280  25.70   1.097   0.55 0.000
176.958333 177.000000  59.162  29.65  60.539  30.34  57.685  28.91   0.658   0.33 0.000
177.000000 177.041667  56.907  28.52  59.282  29.71  54.573  27.35   1.137   0.57 0.000
177.041667 177.083333  57.486  28.81  58.683  29.41  53.814  26.97   0.758   0.38 0.000
177.083333 177.125000  56.189  28.16  57.665  28.90  54.972  27.55   0.619   0.31 0.000
177.125000 177.166667  54.692  27.41  57.147  28.64  52.398  26.26   1.177   0.59 0.000
177.166667 177.208333  55.131  27.63  57.406  28.77  53.196  26.66   1.018   0.51 0.000
177.208333 177.250000  52.897  26.51  54.493  27.31  51.061  25.59   0.658   0.33 0.000
177.250000 177.291667  52.438  26.28  54.154  27.14  50.043  25.08   0.698   0.35 0.000
177.291667 177.333333  52.517  26.32  54.134  27.13  50.442  25.28   0.818   0.41 0.000
177.333333 177.375000  51.719  25.92  53.316  26.72  49.744  24.93   0.738   0.37 0.000
177.375000 177.416667  55.052  27.59  58.025  29.08  51.560  25.84   1.935   0.97 0.000
177.416667 177.458333  56.269  28.20  57.226  28.68  55.191  27.66   0.479   0.24 0.000
177.458333 177.500000  57.366  28.75  58.863  29.50  56.069  28.10   0.738   0.37 0.000
177.500000 177.541667  58.324  29.23  59.780  29.96  56.728  28.43   0.619   0.31 0.000
177.541667 177.583333  59.022  29.58  60.279  30.21  56.428  28.28   0.918   0.46 0.000
177.583333 177.625000  58.324  29.23  60.020  30.08  54.972  27.55   0.818   0.41 0.000
177.625000 177.666667  59.242  29.69  61.536  30.84  56.229  28.18   1.117   0.56 0.000
177.666667 177.708333  60.080  30.11  61.656  30.90  57.765  28.95   0.818   0.41 0.000
177.708333 177.750000  59.741  29.94  61.656  30.90  57.027  28.58   1.137   0.57 0.000
177.750000 177.791667  57.985  29.06  59.242  29.69  56.608  28.37   0.619   0.31 0.000
177.791667 177.833333  57.625  28.88  59.302  29.72  52.717  26.42   1.058   0.53 0.000
177.833333 177.875000  59.341  29.74  61.077  30.61  57.246  28.69   0.958   0.48 0.000
177.875000 177.916667  61.377  30.76  63.572  31.86  58.823  29.48   0.838   0.42 0.000
177.916667 177.958333  62.773  31.46  64.410  32.28  60.100  30.12   0.938   0.47 0.000
177.958333 178.000000  60.579  30.36  62.295  31.22  59.142  29.64   0.798   0.40 0.000
178.000000 178.041667  61.796  30.97  63.392  31.77  59.820  29.98   0.858   0.43 0.000
178.041667 178.083333  61.477  30.81  63.731  31.94  58.144  29.14   1.477   0.74 0.000
178.083333 178.125000  61.038  30.59  63.452  31.80  57.705  28.92   1.157   0.58 0.000
178.125000 178.166667  60.958  30.55  63.691  31.92  58.284  29.21   1.237   0.62 0.000
178.166667 178.208333  62.614  31.38  65.866  33.01  56.688  28.41   2.374   1.19 0.000
178.208333 178.250000  61.876  31.01  64.489  32.32  58.903  29.52   1.257   0.63 0.000
178.250000 178.291667  58.204  29.17  61.676  30.91  55.471  27.80   1.656   0.83 0.000
178.291667 178.333333  55.730  27.93  57.945  29.04  53.954  27.04   0.898   0.45 0.000
178.333333 178.375000  57.785  28.96  60.080  30.11  55.989  28.06   0.978   0.49 0.000
178.375000 178.416667  59.980  30.06  61.816  30.98  58.204  29.17   0.778   0.39 0.000
178.416667 178.458333  60.499  30.32  62.035  31.09  58.444  29.29   0.778   0.39 0.000
178.458333 178.500000  59.601  29.87  61.317  30.73  58.104  29.12   0.938   0.47 0.000
178.500000 178.541667  58.823  29.48  59.721  29.93  57.346  28.74   0.539   0.27 0.000
178.541667 178.583333  58.783  29.46  59.701  29.92  57.506  28.82   0.459   0.23 0.000
178.583333 178.625000  57.286  28.71  58.663  29.40  48.806  24.46   1.716   0.86 0.000
178.625000 178.666667  57.526  28.83  58.823  29.48  55.830  27.98   0.658   0.33 0.000
178.666667 178.708333  56.927  28.53  57.785  28.96  53.994  27.06   0.599   0.30 0.000
178.708333 178.750000  57.266  28.70  59.002  29.57  55.251  27.69   0.918   0.46 0.000
178.750000 178.791667  57.226  28.68  59.222  29.68  55.271  27.70   1.058   0.53 0.000
178.791667 178.833333  57.147  28.64  58.883  29.51  54.752  27.44   0.938   0.47 0.000
178.833333 178.875000  57.187  28.66  58.663  29.40  54.952  27.54   1.018   0.51 0.000
178.875000 178.916667  57.685  28.91  61.237  30.69  55.111  27.62   1.217   0.61 0.000
178.916667 178.958333  57.845  28.99  60.658  30.40  54.473  27.30   1.437   0.72 0.000
178.958333 179.000000  57.985  29.06  60.459  30.30  55.151  27.64   1.157   0.58 0.000
179.000000 179.041667  57.625  28.88  59.082  29.61  54.972  27.55   0.998   0.50 0.000
179.041667 179.083333  57.845  28.99  59.222  29.68  56.368  28.25   0.738   0.37 0.000
179.083333 179.125000  57.067  28.60  59.581  29.86  53.934  27.03   1.197   0.60 0.000
179.125000 179.166667  57.306  28.72  58.444  29.29  55.610  27.87   0.658   0.33 0.000
179.166667 179.208333  57.386  28.76  59.182  29.66  55.650  27.89   0.738   0.37 0.000
179.208333 179.250000  58.384  29.26  59.322  29.73  56.548  28.34   0.678   0.34 0.000
179.250000 179.291667  57.725  28.93  59.262  29.70  55.530  27.83   0.758   0.38 0.000
179.291667 179.333333  58.284  29.21  59.481  29.81  56.807  28.47   0.639   0.32 0.000
179.333333 179.375000  58.783  29.46  59.920  30.03  57.426  28.78   0.639   0.32 0.000
179.375000 179.416667  58.942  29.54  60.180  30.16  57.266  28.70   0.579   0.29 0.000
179.416667 179.458333  58.563  29.35  59.601  29.87  56.907  28.52   0.519   0.26 0.000
179.458333 179.500000  58.404  29.27  59.701  29.92  57.027  28.58   0.678   0.34 0.000
179.500000 179.541667  58.104  29.12  59.262  29.70  56.708  28.42   0.718   0.36 0.000
179.541667 179.583333  58.863  29.50  60.698  30.42  57.067  28.60   0.798   0.40 0.000
179.583333 179.625000  60.000  30.07  61.636  30.89  58.583  29.36   0.678   0.34 0.000
179.625000 179.666667  58.384  29.26  61.077  30.61  56.867  28.50   0.698   0.35 0.000
179.666667 179.708333  59.262  29.70  60.718  30.43  57.705  28.92   0.738   0.37 0.000
179.708333 179.750000  60.080  30.11  60.938  30.54  58.962  29.55   0.399   0.20 0.000
179.750000 179.791667  60.798  30.47  62.993  31.57  59.501  29.82   0.858   0.43 0.000
179.791667 179.833333  62.115  31.13  63.751  31.95  60.140  30.14   0.678   0.34 0.000
179.833333 179.875000  61.596  30.87  63.312  31.73  60.519  30.33   0.619   0.31 0.000
179.875000 179.916667  61.377  30.76  62.913  31.53  60.359  30.25   0.539   0.27 0.000
179.916667 179.958333  61.516  30.83  62.674  31.41  59.980  30.06   0.579   0.29 0.000
179.958333 180.000000  61.357  30.75  62.494  31.32  59.581  29.86   0.738   0.37 0.000
180.000000 180.041667  59.741  29.94  60.758  30.45  58.703  29.42   0.439   0.22 0.000
180.041667 180.083333  58.623  29.38  61.217  30.68  56.787  28.46   0.878   0.44 0.000
180.083333 180.125000  59.182  29.66  61.736  30.94  57.366  28.75   0.958   0.48 0.000
180.125000 180.166667  59.461  29.80  61.656  30.90  57.506  28.82   0.818   0.41 0.000
180.166667 180.208333  58.903  29.52  61.337  30.74  55.032  27.58   1.197   0.60 0.000
180.208333 180.250000  57.366  28.75  61.137  30.64  45.893  23.00   2.694   1.35 0.000
180.250000 180.291667  54.892  27.51  57.945  29.04  43.379  21.74   3.671   1.84 0.000
180.291667 180.333333  55.690  27.91  57.685  28.91  54.134  27.13   0.758   0.38 0.000
180.333333 180.375000  54.134  27.13  55.810  27.97  52.458  26.29   0.639   0.32 0.000
180.375000 180.416667  53.934  27.03  54.732  27.43  52.877  26.50   0.459   0.23 0.000
180.416667 180.458333  53.615  26.87  55.131  27.63  51.939  26.03   0.918   0.46 0.000
180.458333 180.500000  53.036  26.58  54.413  27.27  51.480  25.80   0.738   0.37 0.000
180.500000 180.541667  52.956  26.54  53.814  26.97  51.839  25.98   0.439   0.22 0.000
180.541667 180.583333  52.218  26.17  53.595  26.86  51.200  25.66   0.499   0.25 0.000
180.583333 180.625000  52.418  26.27  53.435  26.78  51.460  25.79   0.419   0.21 0.000
180.625000 180.666667  53.256  26.69  54.154  27.14  52.238  26.18   0.419   0.21 0.000
180.666667 180.708333  52.019  26.07  53.076  26.60  50.781  25.45   0.459   0.23 0.000
180.708333 180.750000  52.178  26.15  53.535  26.83  51.101  25.61   0.579   0.29 0.000
180.750000 180.791667  54.433  27.28  56.289  28.21  52.577  26.35   0.658   0.33 0.000
180.791667 180.833333  52.098  26.11  53.834  26.98  49.983  25.05   0.798   0.40 0.000
180.833333 180.875000  53.116  26.62  54.473  27.30  51.340  25.73   0.678   0.34 0.000
180.875000 180.916667  52.817  26.47  53.854  26.99  51.101  25.61   0.599   0.30 0.000
180.916667 180.958333  52.557  26.34  53.954  27.04  51.300  25.71   0.619   0.31 0.000
180.958333 181.000000  53.455  26.79  55.131  27.63  51.360  25.74   0.998   0.50 0.000
181.000000 181.041667  54.972  27.55  55.969  28.05  54.074  27.10   0.419   0.21 0.000
181.041667 181.083333  54.174  27.15  56.209  28.17  52.857  26.49   0.658   0.33 0.000
181.083333 181.125000  53.475  26.80  55.451  27.79  50.901  25.51   1.357   0.68 0.000
181.125000 181.166667  54.832  27.48  56.867  28.50  51.819  25.97   1.217   0.61 0.000
181.166667 181.208333  54.632  27.38  57.446  28.79  50.941  25.53   1.736   0.87 0.000
181.208333 181.250000  51.540  25.83  53.395  26.76  49.844  24.98   0.818   0.41 0.000
181.250000 181.291667  53.296  26.71  55.151  27.64  50.402  25.26   1.217   0.61 0.000
181.291667 181.333333  53.655  26.89  55.111  27.62  51.440  25.78   0.778   0.39 0.000
181.333333 181.375000  55.750  27.94  58.104  29.12  53.794  26.96   0.998   0.50 0.000
181.375000 181.416667  57.885  29.01  59.601  29.87  55.171  27.65   0.958   0.48 0.000
181.416667 181.458333  61.896  31.02  65.328  32.74  57.625  28.88   1.776   0.89 0.000
181.458333 181.500000  65.208  32.68  66.744  33.45  64.070  32.11   0.599   0.30 0.000
181.500000 181.541667  66.166  33.16  67.263  33.71  65.088  32.62   0.499   0.25 0.000
181.541667 181.583333  65.108  32.63  66.664  33.41  63.971  32.06   0.658   0.33 0.000
181.583333 181.625000  64.669  32.41  65.846  33.00  62.674  31.41   0.619   0.31 0.000
181.625000 181.666667  63.711  31.93  65.048  32.60  62.454  31.30   0.678   0.34 0.000
181.666667 181.708333  64.749  32.45  65.826  32.99  63.671  31.91   0.539   0.27 0.000
181.708333 181.750000  62.933  31.54  64.410  32.28  60.838  30.49   0.858   0.43 0.000
181.750000 181.791667  62.973  31.56  64.070  32.11  61.457  30.80   0.559   0.28 0.000
181.791667 181.833333  63.053  31.60  63.971  32.06  62.255  31.20   0.399   0.20 0.000
181.833333 181.875000  62.175  31.16  63.492  31.82  60.319  30.23   0.778   0.39 0.000
181.875000 181.916667  61.117  30.63  62.315  31.23  58.863  29.50   0.718   0.36 0.000
181.916667 181.958333  60.100  30.12  62.075  31.11  58.623  29.38   0.898   0.45 0.000
181.958333 182.000000  59.621  29.88  60.499  30.32  58.204  29.17   0.599   0.30 0.000
182.000000 182.041667  58.922  29.53  60.419  30.28  56.548  28.34   0.958   0.48 0.000
182.041667 182.083333  58.603  29.37  60.658  30.40  56.149  28.14   0.918   0.46 0.000
182.083333 182.125000  58.404  29.27  59.920  30.03  56.688  28.41   0.698   0.35 0.000
182.125000 182.166667  58.244  29.19  59.780  29.96  57.047  28.59   0.639   0.32 0.000
182.166667 182.208333  57.306  28.72  58.523  29.33  55.131  27.63   0.718   0.36 0.000
182.208333 182.250000  57.825  28.98  60.080  30.11  55.830  27.98   0.678   0.34 0.000
