ODEfiles/EUK18/CA0103R.20180101110000.20190305202329.uv_abs.ozone.air.1y.1h.US06L_Thermo_49i_EUK.US06L_AM.lev2.nas
79 1001
Crepinsek, Sara; Petropavlovskikh, Irina; McClure-Begley, Audra
US06L, National Oceanic and Atmospheric Administration, NOAA/ESRL/GMD, "Earth System Research Laboratory, Global Monitoring Division", 325 Broadway, , CO 80305-3, Boulder, U.S.A.
Crepinsek, Sara; Petropavlovskikh, Irina; McClure-Begley, Audra
GAW-WDCRG NOAA-ESRL
1 1
2018 01 01 2019 03 05
0.041667
days from file reference point
10
1 1 1 1 1 1 1 1 1 1
999.999999 999.999 999.99 999.999 999.99 999.999 999.99 999.999 999.99 9.999
end_time of measurement, days from the file reference point
ozone, ug/m3, Statistics=arithmetic mean, Volume std. temperature=293.15 K, Volume std. pressure=1013.25 hPa, Detection limit=1.995 ug/m3, Measurement uncertainty=1.995 ug/m3, Measurement uncertainty expl.=includes statistical uncertainty of individual sample and calibration uncertainty, "Comment=Data converted on import into EBAS from 'nmol/mol' to 'ug/m3' at 293.15 K, 1013.25 hPa, conversion factor 1.99534."
ozone, nmol/mol, Statistics=arithmetic mean, Detection limit=1.0 nmol/mol, Measurement uncertainty=1.0 nmol/mol, Measurement uncertainty expl.=includes statistical uncertainty of individual sample and calibration uncertainty, "Comment=Data converted on import into EBAS from 'nmol/mol' to 'ug/m3' at 293.15 K, 1013.25 hPa, conversion factor 1.99534."
ozone, ug/m3, Statistics=maximum, Volume std. temperature=293.15 K, Volume std. pressure=1013.25 hPa, Detection limit=1.995 ug/m3
ozone, nmol/mol, Statistics=maximum, Detection limit=1.0 nmol/mol
ozone, ug/m3, Statistics=minimum, Volume std. temperature=293.15 K, Volume std. pressure=1013.25 hPa, Detection limit=1.995 ug/m3
ozone, nmol/mol, Statistics=minimum, Detection limit=1.0 nmol/mol
ozone, ug/m3, Statistics=stddev, Volume std. temperature=293.15 K, Volume std. pressure=1013.25 hPa, Detection limit=1.995 ug/m3
ozone, nmol/mol, Statistics=stddev, Detection limit=1.0 nmol/mol
numflag, no unit
0
55
Data definition:              EBAS_1.1
Set type code:                TU
Timezone:                     UTC
File name:                    CA0103R.20180101110000.20190305202329.uv_abs.ozone.air.1y.1h.US06L_Thermo_49i_EUK.US06L_AM.lev2.nas
File creation:                20190910091405
Startdate:                    20180101110000
Revision date:                20190305202329
Version:                      1
Version description:          Version numbering not tracked, generated by CPD3 EBAS Export v21-53-g160e197 run as da.output.ebas (28101) run by mcclure on aero.cmdl.noaa.gov via da.output.ebas --profile=ozone euk 2018-01-01 2019-01-01
Data level:                   2
Period code:                  1y
Resolution code:              1h
Sample duration:              1h
Station code:                 CA0103R
Platform code:                CA0103S
Station name:                 Eureka
Station GAW-ID:               EUK
Station GAW-Name:             Eureka
Station state/province:       NU
Station land use:             Gravel and stone
Station setting:              Polar
Station GAW type:             R
Station WMO region:           4
Station latitude:             80.0500030518
Station longitude:            -86.4166564941
Station altitude:             610.0m
Measurement latitude:         80.05
Measurement longitude:        -86.41666
Measurement altitude:         610.0m
[...]
Originator:                   Petropavlovskikh, Irina, Irina.petro@noaa.gov, National Oceanic and Atmospheric Administration/Earth System Research Laboratory/Global Monitoring Division, NOAA/ESRL/GMD, , 325 Broadway, , 80305, "Boulder, CO", USA
Originator:                   McClure-Begley, Audra, Audra.mcclure@noaa.gov, National Oceanic and Atmospheric Administration/Earth System Research Laboratory/Global Monitoring Division, NOAA/ESRL/GMD, , 325 Broadway, , 80305, "Boulder, CO", USA
Submitter:                    Crepinsek, Sara, sara.crepinsek@noaa.gov, National Oceanic and Atmospheric Administration/Earth System Research Laboratory/Physical Sciences Division, NOAA/ESRL/PSD, , 325 Broadway, , 80305, "Boulder, CO", USA
Submitter:                    Petropavlovskikh, Irina, Irina.petro@noaa.gov, National Oceanic and Atmospheric Administration/Earth System Research Laboratory/Global Monitoring Division, NOAA/ESRL/GMD, , 325 Broadway, , 80305, "Boulder, CO", USA
Submitter:                    McClure-Begley, Audra, Audra.mcclure@noaa.gov, National Oceanic and Atmospheric Administration/Earth System Research Laboratory/Global Monitoring Division, NOAA/ESRL/GMD, , 325 Broadway, , 80305, "Boulder, CO", USA
Acknowledgement:              "Request Acknowledgement details from data originator. http://dx.doi.org/10.7289/V57P8WBF"
Comment:                      Data converted on import into EBAS from 'nmol/mol' to 'ug/m3' at 293.15 K, 1013.25 hPa, conversion factor 1.99534. Detection limit converted from '1.0 nmol/mol' to '1.995 ug/m3' at 293.15 K, 1013.25 hPa, conversion factor 1.99534.
starttime endtime O3 O3 O3 O3 O3 O3 O3 O3 flag
  0.458333   0.500000  71.493  35.83  72.531  36.35  70.037  35.10   0.499   0.25 0.000
  0.500000   0.541667  71.912  36.04  73.169  36.67  70.136  35.15   0.758   0.38 0.000
  0.541667   0.583333  71.174  35.67  73.229  36.70  68.819  34.49   1.277   0.64 0.000
  0.583333   0.625000  70.775  35.47  72.511  36.34  66.884  33.52   1.038   0.52 0.000
  0.625000   0.666667  70.396  35.28  71.972  36.07  69.198  34.68   0.698   0.35 0.000
  0.666667   0.708333  72.231  36.20  74.307  37.24  69.079  34.62   1.297   0.65 0.000
  0.708333   0.750000  72.650  36.41  74.466  37.32  69.059  34.61   1.177   0.59 0.000
  0.750000   0.791667  73.209  36.69  74.925  37.55  71.393  35.78   0.958   0.48 0.000
  0.791667   0.833333  72.611  36.39  74.027  37.10  71.353  35.76   0.579   0.29 0.000
  0.833333   0.875000  73.488  36.83  74.586  37.38  71.832  36.00   0.559   0.28 0.000
  0.875000   0.916667  72.730  36.45  74.706  37.44  66.146  33.15   2.075   1.04 0.000
  0.916667   0.958333  71.553  35.86  74.366  37.27  68.041  34.10   1.656   0.83 0.000
  0.958333   1.000000  72.271  36.22  74.007  37.09  69.099  34.63   1.077   0.54 0.000
  1.000000   1.041667  71.114  35.64  74.406  37.29  68.640  34.40   1.277   0.64 0.000
  1.041667   1.083333  71.014  35.59  72.850  36.51  68.560  34.36   1.117   0.56 0.000
  1.083333   1.125000  71.992  36.08  73.030  36.60  71.254  35.71   0.399   0.20 0.000
  1.125000   1.166667  72.690  36.43  73.429  36.80  71.573  35.87   0.459   0.23 0.000
  1.166667   1.208333  71.932  36.05  73.508  36.84  68.939  34.55   1.177   0.59 0.000
  1.208333   1.250000  71.334  35.75  73.269  36.72  69.797  34.98   0.938   0.47 0.000
  1.250000   1.291667  70.974  35.57  72.152  36.16  69.717  34.94   0.579   0.29 0.000
  1.291667   1.333333  70.735  35.45  71.693  35.93  69.657  34.91   0.499   0.25 0.000
  1.333333   1.375000  70.076  35.12  71.094  35.63  69.119  34.64   0.459   0.23 0.000
  1.375000   1.416667  70.595  35.38  72.690  36.43  68.939  34.55   0.778   0.39 0.000
  1.416667   1.458333  69.637  34.90  73.069  36.62  67.383  33.77   1.636   0.82 0.000
  1.458333   1.500000  69.757  34.96  72.591  36.38  63.691  31.92   1.696   0.85 0.000
  1.500000   1.541667  70.855  35.51  72.092  36.13  69.817  34.99   0.579   0.29 0.000
  1.541667   1.583333  71.294  35.73  72.611  36.39  70.096  35.13   0.619   0.31 0.000
  1.583333   1.625000  70.795  35.48  72.810  36.49  66.445  33.30   2.035   1.02 0.000
  1.625000   1.666667  66.764  33.46  67.682  33.92  65.288  32.72   0.539   0.27 0.000
  1.666667   1.708333  67.622  33.89  69.897  35.03  64.031  32.09   1.197   0.60 0.000
  1.708333   1.750000  66.365  33.26  68.959  34.56  63.193  31.67   1.556   0.78 0.000
  1.750000   1.791667  66.166  33.16  67.562  33.86  64.290  32.22   0.798   0.40 0.000
  1.791667   1.833333  67.063  33.61  68.460  34.31  65.866  33.01   0.559   0.28 0.000
  1.833333   1.875000  67.263  33.71  69.159  34.66  64.829  32.49   1.157   0.58 0.000
  1.875000   1.916667  66.724  33.44  68.600  34.38  64.729  32.44   0.778   0.39 0.000
  1.916667   1.958333  66.545  33.35  68.081  34.12  65.328  32.74   0.599   0.30 0.000
  1.958333   2.000000  66.924  33.54  68.321  34.24  64.549  32.35   0.998   0.50 0.000
  2.000000   2.041667  66.485  33.32  68.480  34.32  64.470  32.31   0.958   0.48 0.000
  2.041667   2.083333  67.203  33.68  68.700  34.43  64.988  32.57   0.838   0.42 0.000
  2.083333   2.125000  66.505  33.33  68.141  34.15  63.332  31.74   1.237   0.62 0.000
  2.125000   2.166667  65.028  32.59  68.001  34.08  62.514  31.33   1.696   0.85 0.000
  2.166667   2.208333  64.051  32.10  67.862  34.01  61.337  30.74   2.135   1.07 0.000
  2.208333   2.250000  65.268  32.71  66.485  33.32  62.295  31.22   0.878   0.44 0.000
  2.250000   2.291667  65.128  32.64  67.123  33.64  63.193  31.67   0.758   0.38 0.000
  2.291667   2.333333  64.430  32.29  66.724  33.44  61.816  30.98   0.998   0.50 0.000
  2.333333   2.375000  63.552  31.85  65.906  33.03  61.536  30.84   1.058   0.53 0.000
  2.375000   2.416667  62.973  31.56  64.310  32.23  61.477  30.81   0.579   0.29 0.000
  2.416667   2.458333  62.913  31.53  63.771  31.96  62.055  31.10   0.399   0.20 0.000
  2.458333   2.500000  62.933  31.54  63.971  32.06  61.496  30.82   0.519   0.26 0.000
  2.500000   2.541667  62.853  31.50  64.390  32.27  60.000  30.07   0.818   0.41 0.000
  2.541667   2.583333  62.414  31.28  63.811  31.98  60.140  30.14   0.798   0.40 0.000
  2.583333   2.625000  61.656  30.90  62.993  31.57  57.346  28.74   1.038   0.52 0.000
  2.625000   2.666667  63.033  31.59  64.549  32.35  61.077  30.61   0.698   0.35 0.000
  2.666667   2.708333  63.392  31.77  64.070  32.11  62.754  31.45   0.299   0.15 0.000
  2.708333   2.750000  63.212  31.68  64.090  32.12  62.474  31.31   0.379   0.19 0.000
  2.750000   2.791667  61.935  31.04  62.734  31.44  59.920  30.03   0.459   0.23 0.000
  2.791667   2.833333  62.454  31.30  65.687  32.92  60.060  30.10   1.077   0.54 0.000
  2.833333   2.875000  62.115  31.13  64.070  32.11  59.022  29.58   1.137   0.57 0.000
  2.875000   2.916667  62.634  31.39  64.529  32.34  61.457  30.80   0.718   0.36 0.000
  2.916667   2.958333  62.474  31.31  63.731  31.94  61.357  30.75   0.579   0.29 0.000
  2.958333   3.000000  62.035  31.09  63.472  31.81  60.878  30.51   0.698   0.35 0.000
  3.000000   3.041667  60.938  30.54  62.295  31.22  59.761  29.95   0.658   0.33 0.000
  3.041667   3.083333  62.514  31.33  65.567  32.86  60.818  30.48   1.337   0.67 0.000
  3.083333   3.125000  62.654  31.40  64.789  32.47  60.259  30.20   1.297   0.65 0.000
  3.125000   3.166667  63.612  31.88  65.527  32.84  62.095  31.12   0.798   0.40 0.000
  3.166667   3.208333  62.275  31.21  64.908  32.53  60.479  30.31   0.938   0.47 0.000
  3.208333   3.250000  64.629  32.39  66.724  33.44  61.217  30.68   1.497   0.75 0.000
  3.250000   3.291667  64.649  32.40  66.405  33.28  63.372  31.76   0.798   0.40 0.000
  3.291667   3.333333  64.709  32.43  66.804  33.48  62.654  31.40   1.018   0.51 0.000
  3.333333   3.375000  64.609  32.38  65.667  32.91  62.793  31.47   0.619   0.31 0.000
  3.375000   3.416667  63.651  31.90  65.248  32.70  62.295  31.22   0.838   0.42 0.000
  3.416667   3.458333  62.893  31.52  64.051  32.10  61.217  30.68   0.579   0.29 0.000
  3.458333   3.500000  63.133  31.64  63.951  32.05  62.374  31.26   0.399   0.20 0.000
  3.500000   3.541667  63.113  31.63  64.090  32.12  61.995  31.07   0.519   0.26 0.000
  3.541667   3.583333  62.454  31.30  63.931  32.04  60.698  30.42   0.619   0.31 0.000
  3.583333   3.625000  63.292  31.72  64.669  32.41  61.955  31.05   0.639   0.32 0.000
  3.625000   3.666667  62.494  31.32  63.232  31.69  61.756  30.95   0.399   0.20 0.000
  3.666667   3.708333  62.195  31.17  63.452  31.80  60.798  30.47   0.599   0.30 0.000
  3.708333   3.750000  62.714  31.43  64.250  32.20  61.576  30.86   0.678   0.34 0.000
  3.750000   3.791667  62.155  31.15  64.070  32.11  59.920  30.03   0.938   0.47 0.000
  3.791667   3.833333  62.414  31.28  63.731  31.94  60.658  30.40   0.678   0.34 0.000
  3.833333   3.875000  62.414  31.28  63.751  31.95  60.838  30.49   0.718   0.36 0.000
  3.875000   3.916667  61.676  30.91  63.392  31.77  60.479  30.31   0.678   0.34 0.000
  3.916667   3.958333  63.193  31.67  64.410  32.28  60.978  30.56   0.758   0.38 0.000
  3.958333   4.000000  62.474  31.31  64.669  32.41  59.860  30.00   1.257   0.63 0.000
  4.000000   4.041667  62.754  31.45  64.509  32.33  61.038  30.59   0.758   0.38 0.000
  4.041667   4.083333  62.295  31.22  63.691  31.92  60.559  30.35   0.858   0.43 0.000
  4.083333   4.125000  61.397  30.77  62.873  31.51  59.860  30.00   0.798   0.40 0.000
  4.125000   4.166667  62.195  31.17  63.432  31.79  61.097  30.62   0.499   0.25 0.000
  4.166667   4.208333  62.135  31.14  63.212  31.68  60.758  30.45   0.559   0.28 0.000
  4.208333   4.250000  61.736  30.94  63.512  31.83  59.082  29.61   1.137   0.57 0.000
  4.250000   4.291667  60.858  30.50  64.290  32.22  59.102  29.62   1.157   0.58 0.000
  4.291667   4.333333  59.741  29.94  60.698  30.42  58.444  29.29   0.579   0.29 0.000
  4.333333   4.375000  59.721  29.93  61.995  31.07  58.164  29.15   0.798   0.40 0.000
  4.375000   4.416667  60.978  30.56  63.312  31.73  58.603  29.37   1.197   0.60 0.000
  4.416667   4.458333  62.414  31.28  63.612  31.88  60.898  30.52   0.559   0.28 0.000
  4.458333   4.500000  61.516  30.83  63.951  32.05  59.721  29.93   1.058   0.53 0.000
  4.500000   4.541667  59.741  29.94  61.097  30.62  58.324  29.23   0.639   0.32 0.000
  4.541667   4.583333  60.020  30.08  62.354  31.25  57.027  28.58   1.197   0.60 0.000
  4.583333   4.625000  58.763  29.45  60.040  30.09  56.089  28.11   0.918   0.46 0.000
  4.625000   4.666667  59.661  29.90  61.556  30.85  55.111  27.62   0.938   0.47 0.000
  4.666667   4.708333  59.581  29.86  61.057  30.60  58.324  29.23   0.718   0.36 0.000
  4.708333   4.750000  59.621  29.88  61.018  30.58  55.870  28.00   0.958   0.48 0.000
  4.750000   4.791667  59.521  29.83  61.796  30.97  57.127  28.63   0.878   0.44 0.000
  4.791667   4.833333  59.282  29.71  60.599  30.37  57.566  28.85   0.639   0.32 0.000
  4.833333   4.875000  61.077  30.61  63.831  31.99  59.341  29.74   1.018   0.51 0.000
  4.875000   4.916667  59.142  29.64  60.259  30.20  56.169  28.15   0.818   0.41 0.000
  4.916667   4.958333  59.042  29.59  60.698  30.42  57.546  28.84   0.758   0.38 0.000
  4.958333   5.000000  57.246  28.69  59.661  29.90  54.034  27.08   1.377   0.69 0.000
  5.000000   5.041667  60.020  30.08  60.918  30.53  59.162  29.65   0.439   0.22 0.000
  5.041667   5.083333  60.040  30.09  61.955  31.05  58.005  29.07   0.818   0.41 0.000
  5.083333   5.125000  60.040  30.09  61.716  30.93  58.523  29.33   0.718   0.36 0.000
  5.125000   5.166667  61.596  30.87  63.671  31.91  59.641  29.89   0.938   0.47 0.000
  5.166667   5.208333  61.716  30.93  63.312  31.73  60.100  30.12   1.058   0.53 0.000
  5.208333   5.250000  62.913  31.53  64.430  32.29  61.935  31.04   0.499   0.25 0.000
  5.250000   5.291667  62.075  31.11  63.452  31.80  60.219  30.18   0.818   0.41 0.000
  5.291667   5.333333  61.197  30.67  62.694  31.42  59.501  29.82   0.758   0.38 0.000
  5.333333   5.375000  61.437  30.79  63.352  31.75  59.761  29.95   0.778   0.39 0.000
  5.375000   5.416667  63.651  31.90  65.387  32.77  60.658  30.40   1.377   0.69 0.000
  5.416667   5.458333  63.711  31.93  64.908  32.53  62.255  31.20   0.639   0.32 0.000
  5.458333   5.500000  63.871  32.01  65.168  32.66  62.115  31.13   0.718   0.36 0.000
  5.500000   5.541667  61.097  30.62  63.991  32.07  52.936  26.53   2.534   1.27 0.000
  5.541667   5.583333  61.477  30.81  64.090  32.12  59.162  29.65   1.257   0.63 0.000
  5.583333   5.625000  61.077  30.61  63.631  31.89  58.663  29.40   1.077   0.54 0.000
  5.625000   5.666667  62.215  31.18  63.392  31.77  60.638  30.39   0.658   0.33 0.000
  5.666667   5.708333  62.235  31.19  63.651  31.90  61.097  30.62   0.579   0.29 0.000
  5.708333   5.750000  62.315  31.23  63.731  31.94  61.277  30.71   0.579   0.29 0.000
  5.750000   5.791667  64.130  32.14  66.884  33.52  61.357  30.75   1.177   0.59 0.000
  5.791667   5.833333  65.228  32.69  68.081  34.12  62.335  31.24   1.237   0.62 0.000
  5.833333   5.875000  64.948  32.55  67.463  33.81  62.933  31.54   1.257   0.63 0.000
  5.875000   5.916667  64.908  32.53  67.303  33.73  63.412  31.78   0.818   0.41 0.000
  5.916667   5.958333  65.707  32.93  67.103  33.63  64.130  32.14   0.619   0.31 0.000
  5.958333   6.000000  66.026  33.09  67.562  33.86  64.430  32.29   0.718   0.36 0.000
  6.000000   6.041667  66.804  33.48  68.700  34.43  63.771  31.96   1.177   0.59 0.000
  6.041667   6.083333  67.762  33.96  70.436  35.30  64.529  32.34   1.716   0.86 0.000
  6.083333   6.125000  67.542  33.85  69.099  34.63  65.647  32.90   1.038   0.52 0.000
  6.125000   6.166667  67.323  33.74  69.817  34.99  65.128  32.64   1.197   0.60 0.000
  6.166667   6.208333  67.303  33.73  69.099  34.63  65.567  32.86   0.798   0.40 0.000
  6.208333   6.250000  69.378  34.77  71.014  35.59  67.522  33.84   0.878   0.44 0.000
  6.250000   6.291667  69.298  34.73  71.353  35.76  66.405  33.28   1.297   0.65 0.000
  6.291667   6.333333  69.318  34.74  70.655  35.41  67.363  33.76   0.758   0.38 0.000
  6.333333   6.375000  69.637  34.90  71.533  35.85  66.884  33.52   1.117   0.56 0.000
  6.375000   6.416667  71.373  35.77  73.269  36.72  69.637  34.90   0.798   0.40 0.000
  6.416667   6.458333  72.192  36.18  76.621  38.40  68.919  34.54   1.377   0.69 0.000
  6.458333   6.500000  75.803  37.99  82.787  41.49  72.012  36.09   3.213   1.61 0.000
  6.500000   6.541667  82.108  41.15  83.166  41.68  81.111  40.65   0.459   0.23 0.000
  6.541667   6.583333  82.647  41.42  83.585  41.89  81.031  40.61   0.579   0.29 0.000
  6.583333   6.625000  82.687  41.44  83.585  41.89  81.649  40.92   0.419   0.21 0.000
  6.625000   6.666667  83.086  41.64  84.842  42.52  81.869  41.03   0.738   0.37 0.000
  6.666667   6.708333  82.727  41.46  83.904  42.05  79.674  39.93   0.678   0.34 0.000
  6.708333   6.750000  83.026  41.61  85.022  42.61  81.230  40.71   0.958   0.48 0.000
  6.750000   6.791667  82.926  41.56  84.543  42.37  80.991  40.59   0.998   0.50 0.000
  6.791667   6.833333  83.665  41.93  84.722  42.46  82.547  41.37   0.499   0.25 0.000
  6.833333   6.875000  83.924  42.06  84.922  42.56  82.587  41.39   0.519   0.26 0.000
  6.875000   6.916667  84.383  42.29  85.480  42.84  83.585  41.89   0.479   0.24 0.000
  6.916667   6.958333  85.201  42.70  86.578  43.39  84.024  42.11   0.658   0.33 0.000
  6.958333   7.000000  86.179  43.19  87.596  43.90  84.722  42.46   0.619   0.31 0.000
  7.000000   7.041667  87.017  43.61  87.795  44.00  85.880  43.04   0.479   0.24 0.000
  7.041667   7.083333  87.556  43.88  88.773  44.49  86.239  43.22   0.459   0.23 0.000
  7.083333   7.125000  88.174  44.19  88.773  44.49  87.057  43.63   0.339   0.17 0.000
  7.125000   7.166667  88.513  44.36  89.411  44.81  87.675  43.94   0.339   0.17 0.000
  7.166667   7.208333  88.035  44.12  88.673  44.44  86.797  43.50   0.399   0.20 0.000
  7.208333   7.250000  86.299  43.25  88.314  44.26  84.523  42.36   0.858   0.43 0.000
  7.250000   7.291667  84.503  42.35  85.919  43.06  83.445  41.82   0.619   0.31 0.000
  7.291667   7.333333  84.503  42.35  86.299  43.25  83.266  41.73   0.758   0.38 0.000
  7.333333   7.375000  84.802  42.50  86.678  43.44  83.066  41.63   0.778   0.39 0.000
  7.375000   7.416667  84.583  42.39  86.179  43.19  82.747  41.47   0.658   0.33 0.000
  7.416667   7.458333  82.687  41.44  85.141  42.67  69.957  35.06   3.113   1.56 0.000
  7.458333   7.500000  84.443  42.32  86.059  43.13  83.565  41.88   0.499   0.25 0.000
  7.500000   7.541667  85.081  42.64  86.418  43.31  84.104  42.15   0.439   0.22 0.000
  7.541667   7.583333  84.144  42.17  84.842  42.52  82.847  41.52   0.499   0.25 0.000
  7.583333   7.625000  83.445  41.82  85.002  42.60  81.989  41.09   0.698   0.35 0.000
  7.625000   7.666667  84.802  42.50  87.396  43.80  82.986  41.59   1.257   0.63 0.000
  7.666667   7.708333  83.984  42.09  87.137  43.67  82.108  41.15   1.077   0.54 0.000
  7.708333   7.750000  86.059  43.13  87.735  43.97  82.288  41.24   1.357   0.68 0.000
  7.750000   7.791667  82.428  41.31  83.625  41.91  81.131  40.66   0.559   0.28 0.000
  7.791667   7.833333  83.505  41.85  85.341  42.77  79.235  39.71   1.337   0.67 0.000
  7.833333   7.875000  77.120  38.65  83.585  41.89  54.573  27.35   5.507   2.76 0.000
  7.875000   7.916667  76.821  38.50  81.570  40.88  59.621  29.88   4.968   2.49 0.000
  7.916667   7.958333  78.078  39.13  79.933  40.06  76.980  38.58   0.599   0.30 0.000
  7.958333   8.000000  78.696  39.44  79.953  40.07  77.599  38.89   0.539   0.27 0.000
